-353.484930945
207.61706208
203.255761383
185.679796371
216.227276489
200.763017936
-316.407045985
-241.946635435
219.464531639
-50.5957312225
204.441342633
-128.804940817
198.81833078
169.655260612
209.782529451
197.341867164
-107.852000192
242.147658677
196.493970174
208.021303958
-68.31718431
-666.662585619
192.212268227
201.146337664
-210.789573577
-194.013599664
175.565689721
-286.435400442
236.683553705
-111.86139799
-407.426832036
125.707590947
-297.23355924
-395.17859697
216.102455115
239.930013085
156.204811398
196.714295145
223.794586023
99.1152293251
170.946861697
131.543169258
129.226552578
-34.83962206
-527.266388685
-244.560924368
104.123484845
210.466422308
210.408483075
253.618475228
187.749907571
98.2087367949
-49.1051728411
-81.0061656105
175.891949618
214.911088412
163.770280253
142.928843121
-240.259520961
-186.52433873
250.444740553
107.096994473
-330.582947505
144.348574698
199.119089952
202.6581308
-94.7332926066
252.711505577
-11.168643693
235.67854735
206.343091424
241.628157089
249.609565619
193.636238792
226.647205268
198.088362577
-258.07328719
-173.812317414
256.064429645
-555.074135138
-39.9859692132
232.390541979
196.795726047
187.896695384
221.034150538
-142.541004801
226.942569292
-52.246326404
245.971878055
213.447850992
-89.2139292698
-39.1558950152
206.585684048
220.396672296
20.0348146008
-226.795083224
190.635953945
217.438338817
-365.697024901
249.171935465
234.680173842
119.229633965
210.734416085
165.594260019
-59.0118897233
-129.654549746
195.198154309
255.980626225
214.371000534
174.957270852
-210.300392401
229.224559696
189.585386623
211.397930811
-287.402108951
251.411348646
210.932507317
195.689111631
102.912055836
216.412603726
144.300262663
197.616470648
223.820282088
-429.614713902
-236.209504556
229.743565044
239.852377706
204.899632358
233.758852233
214.979744033
135.992848623
213.816440856
205.011027384
189.633283728
184.659033848
247.766754141
254.28310525
-250.596292962
-53.6121583444
184.286327236
-18.8410352056
-295.327520534
-205.957786656
195.864753122
111.067586239
194.152391499
-39.9570526499
246.219943231
-45.3763738002
229.323731499
224.600375923
-257.269644171
213.817713177
-334.031377566
257.469233751
244.157048263
-16.5057439536
237.369611188
183.939236947
175.574317068
-45.5596402939
-370.808395157
231.990033989
176.011607193
172.723406837
-45.2132231226
-17.4776666878
225.700276463
-64.5494111529
179.887783471
180.215009977
248.575987432
-518.601310078
-233.491260025
-26.675125935
212.890735712
172.728448056
237.710206807
197.368956162
-194.190438466
133.847288423
-175.194482063
-342.793366696
235.422726679
247.321941379
-343.5015887
236.587888965
178.687232279
172.385446678
208.167783779
229.182862372
-63.0265462561
200.540998832
-186.223844731
207.722705669
-363.018694626
187.941753688
-317.705872289
230.92021352
200.88789892
-56.1050099311
203.283065772
196.196593788
240.396862487
198.842966067
-10.1839185934
206.130803771
195.126705224
188.263050905
201.575190698
220.161178695
247.039977644
200.824896786
219.393926363
175.31453272
219.2944106
178.141497426
-52.5650156766
-388.37281946
-36.5331937542
214.740851693
178.803682382
203.280686544
224.357169516
177.051464686
-261.477845985
-53.2745510205
245.688890415
192.810367308
22.5336945154
210.995438299
-231.389735021
-497.653533067
206.578547756
130.454311583
147.717547948
171.399078645
-48.4700806666
204.478646665
239.819939111
-89.7462151665
234.393017424
203.109058435
200.577435546
199.231444628
-72.3780801707
-49.2569466622
-63.4764156358
-54.2282535786
177.155487481
203.75231636
-150.993201844
119.702909994
226.52022404
213.626240308
-261.990296259
234.929525412
210.65597036
-158.876501759
-206.789161984
194.332336672
159.108182302
-23.0204309367
207.397211224
222.245569458
-390.62883072
210.174712066
-63.0633929281
-172.661041636
244.35620648
185.133368624
260.57364648
-347.214657877
244.913878579
209.457302913
164.298140336
-377.802628933
201.92935929
233.178104028
218.905244997
224.217395245
172.44817568
204.828751846
210.616444141
75.5605390867
-58.3329837096
185.394262988
-271.755018805
150.305544517
215.898670172
-41.3679449154
-164.547530954
179.628267002
243.10946608
-39.614076857
-250.465878252
189.998277786
200.776090954
214.215322219
-19.1612311031
183.360324483
-35.6354593777
207.738112064
-528.562380858
-208.125765926
-377.758723126
218.819726408
213.08588899
81.3991251441
198.444236641
169.076518602
230.189963568
226.567511196
220.558348257
124.10537571
244.655677319
192.462918863
201.165541882
-301.463489509
206.247557613
203.212325684
185.170872367
-129.659671622
253.346333614
206.242368077
222.878803446
218.238636269
205.756917272
189.126384887
178.395658538
-153.149606507
-432.549631024
243.548706748
186.659238287
214.375794136
219.255313682
233.225053151
-99.048448268
-200.953520875
-234.113176798
203.695330875
208.443661372
-62.9947057823
171.976998818
237.103596202
-203.685596266
214.256122817
-64.5123220156
212.277120893
216.440020059
196.874941987
199.592130336
215.162381872
182.515801394
236.818035006
242.440839054
199.860591128
-237.280260195
-261.054955124
-74.4634222496
195.476288647
-34.0955769555
-674.998611148
217.954579129
-20.8578434102
-449.708555067
150.603332854
197.734807669
149.854683062
232.41468113
238.742243705
176.646304536
239.208043336
-275.293950966
-38.0520180453
20.3285526326
225.419938686
4.45017979714
213.641188604
-52.4839874488
191.015800812
-217.479129872
-342.782124896
214.277197326
-265.920695809
176.064213942
-8.46752032828
123.778607857
191.636595913
192.985953278
-253.289320016
-415.207150937
-52.7361665469
183.448796213
131.36934007
124.838311651
-466.72282964
75.58162977
199.842000866
186.067314455