-193.65865658
-183.688705012
-585.540922696
-174.600175304
-196.720428372
-155.964461081
-60.5475781176
-277.826388664
-58.6716134491
-350.350779733
-175.519949039
-446.757223243
-152.424376615
-360.065179965
-304.932744745
-186.616681353
-214.392098082
-280.934759395
-201.293156703
-233.229085115
-239.883985648
-170.074549767
-170.544911314
-310.022939423
-154.799885156
-67.5732984153
-77.2270959723
-287.197543596
-54.3624866036
-142.24314178
-150.444767192
-146.455758814
-223.626466919
-200.652277983
-117.730590797
-213.286400362
-120.62084526
-239.507444104
-185.712699892
-126.754852088
-143.95449123
-26.5474487909
-188.090703863
-128.594242409
-115.99140238
-71.8936931465
-223.245192371
-112.506301384
-92.7270494727
-134.167145981
-64.3139062071
-106.15460879
-76.2019395679
-192.654901569
-157.839994692
-52.8384917834
-56.0506518928
-56.2257263412
-75.8963120824
-63.872809502
-94.9885944166
-47.7663785006
-72.7463163068
-90.1172617628
-75.8923131293
-154.480700941
-75.1994206233
-321.07494133
-56.868947088
-56.9310559509
-48.908117058
-62.9024241084
-71.6739747899
-47.519840193
-52.595834377
-64.8154393532
-76.2725286332
-38.784483422
-37.1254208765
-75.5608820564
-68.2152771516
-81.8519961334
-59.8308168358
-505.174426876
-85.5131300417
-60.5598590476
59.9336282513
-154.680310425
-37.1227932884
-12.8539544435
-54.0633081879
-33.6709812318
-77.6540681652
-71.1611659372
-36.9872789321
-167.100450306
-44.3561093372
-192.239083608
-22.0697244334
-135.791567117
-53.4922191928
-82.6865655859
-62.8934286928
-73.2744496453
-69.8436553294
-176.129486323
-65.8605434879
-42.8532941841
-45.1940715261
-62.9943086892
-30.924204785
-34.0789310911
-83.030819889
-53.3633996092
-65.345939148
-77.0519692096
-51.8867569936
-63.6196170848
-99.7048516414
-69.8522117717
-80.8224863083
-95.8215964863
-77.3103882773
-95.4478775349
-77.9010063451
-40.8768191504
-81.5545084044
-82.2155514319
-54.9841115957
-69.4032892133
-79.5415136954
-21.9981835137
-70.294834039
-199.320559084
-19.8174969711
-70.5128813756
-81.8442189435
-56.0050058182
-53.3897200395
-51.0208226787
-57.4203657798
30.6968323056
-68.8795141318
-117.711365208
-112.336498979
-85.3957995929
-98.7375708667
-70.4647507903
-47.1597086162
-80.4536089471
-93.68654868
-101.991800665
-117.956226431
-64.8712136814
-89.5928888425
-151.181962668
-92.7865384392
-46.5777455534
-116.960405837
-83.8088887077
-61.2455159249
-95.2225715767
-52.3407415589
-106.028485969
-175.472390361
-52.4537035169
197.61787326
-77.8434933464
-81.9032293266
-67.7024691624
-115.464982026
-59.3229159591
-73.107054537
-31.2639370844
-67.7402438733
-79.0045038829
117.308152959
-30.9328448623
-29.196145567
-46.5662246246
-71.112601741
-90.8452508631
-80.4173532745
-60.9681973859
83.2944760305
-59.8493943646
-126.620396886
-47.7136118872
-62.4314027422
-28.8395850307
-81.3385521
-114.537539655
-70.9928363361
-58.7714313278
-60.4306866132
-50.9893049739
-72.1978270694
-83.1598776125
163.840535484
-187.52074554
-77.9961047289
-204.769443125
-110.271836444
-103.409799295
141.009832013
-156.687177882
-244.775043532
-94.8472546431
115.658121003
160.96023356
106.675752763
91.8915602818
-130.307154854
-80.0302802074
68.3752158585
157.376458839
-101.986613755
-78.7475040446
-59.3758316212
134.7284166
-59.2996944224
-109.048535246
45.8815687783
146.577093224
59.8312082323
105.782246941
-74.8629117854
87.9195988993
-66.3479128774
136.542143218
-15.5744584791
91.7177639796
-209.799258859
-63.534136075
81.8186026731
-78.0965309777
-79.5929585335
92.0303432001
102.995658236
-228.603205719
95.5587079498
-63.7242867662
27.4323946423
120.677378362
133.544164856
114.545237973
219.236735815
179.677206799
-64.9704910415
124.173247105
179.166059636
-137.195956665
133.984733366
122.26465424
135.883424168
179.097447509
-267.180869573
139.311429941
195.017135218
-43.6614028022
115.421693735
184.746439222
187.336565758
156.689545376
159.907520565
-45.2793630384
161.263456581
187.846402978
204.523368868
-8.89583145006
175.953402579
209.751762177
167.907034577
220.62064866
228.816887412
179.242744542
197.768628754
-11.946233277
211.667046837
-0.967234219474
-10.0716819687
165.454528352
183.416002111
-40.6173557877
-9.81601138477
191.60976743
200.570700262
224.682366516
241.063967866
192.991604349
-46.6503958356
185.332645184
204.441259801
197.513341012
240.131662525
131.878155896
3.99972786141
-39.3577865186
-23.9789058777
203.746580619
202.180337994
-26.8181997909
200.293218538
-31.8920627786
203.578619716
-12.2049652508
-33.4293197325
-17.9994052029
-48.5117267689
-33.7109248784
229.051734779
-52.5078572325
-10.9573158462
-24.6772356817
-25.3770590117
217.218433965
1.05049665609
-16.7712744559
220.048922733
202.139051797
192.487542975
182.551252467
211.712125776
113.075580927
215.638291159
207.107833836
160.102381843
205.314659518
213.031661414
168.056144758
-406.084156949
224.73618113
177.990021608
-46.6689572019
212.112208659
-42.9612997138
161.64193277
177.900549417
-19.0984020764
226.971526076
-8.98776350813
172.626613499
176.643511306
179.769765785
192.132800707
-43.6701650667
221.736899222
170.423112783
186.492710094
169.428568237
-2.16821174257
171.866565922
197.732498661
158.050867256
178.745632964
166.733519566
197.498154352
167.426856717
164.290772516
187.148934233
184.238085266
165.854991786
196.207174717
168.041408983
170.771158097
196.938970633
-48.7845721092
165.34257536
156.79710464
189.380891934
43.6335448138
232.055082352
196.951485234
184.41668458
201.609983198
177.354401231
211.709666038
195.240466167
207.173014459
190.563293449
210.475628776
200.461725419
213.728757704
172.390061553
66.6796236266
195.361684077
170.080957822
196.261195692
176.091214019
183.398735777
124.969790414
165.728489622
185.647742977
199.550283173
207.330692283
188.833928249
190.454204724
123.233714148
-480.690178398
166.51884411