-516.430719401
-302.012262009
-293.096986739
-466.469358975
-125.35952004
-348.507364149
-248.743599625
-237.019992185
-371.764550171
-173.033638494
-141.84929114
-311.130007646
-193.021086874
-213.236281494
-143.340391977
-203.72995479
-373.230259277
-125.45049505
-291.035140049
-254.560190977
-212.304135633
-290.3165918
-152.062361169
-174.684014457
-299.816577974
-184.013727805
-225.330384542
-276.275800391
-125.930972357
-71.7550781027
-593.809945812
-50.6284285624
-178.998420814
-131.879598384
-99.4098871235
-243.475102836
-55.2555662538
-84.4443601472
-20.1809343307
-171.25959628
-284.771151784
-111.626313913
-80.6017493359
51.3925470213
-143.567970028
-188.546830292
53.5479565544
-101.635982116
40.2700708386
-11.0276524399
15.8981845754
-55.4816886465
-187.634917924
-77.6529183104
-332.278318211
-106.153449546
12.1608654057
-26.0606536747
85.2685928122
-49.8517827635
-103.245135866
94.4456824965
-90.6530985356
61.9607316173
-48.4069412912
47.2832481755
-37.6551584394
-76.6891230027
68.2785237506
-22.0892147099
-135.260450268
54.6646737278
72.1699542873
41.6249654222
-104.375427031
49.3098570016
239.491983112
125.506847369
-60.70260143
94.0002319568
177.939100919
135.011672182
174.277448682
79.996023462
-19.443164832
-106.283794982
-36.9909680569
-184.530237538
-75.044796746
-26.1738670407
79.3282258979
-34.7214715263
-44.3904840473
29.9910047228
103.908278442
-55.228783369
-26.0646294328
55.4438412033
-294.622891841
-103.433211428
51.6433959033
31.4389347413
-107.037512567
226.703095572
208.16012329
173.547613808
-63.0015374621
-69.3507077474
-68.1864362421
115.04554678
194.483860043
189.468790124
186.934356376
203.550629154
49.0459481715
206.892583813
175.071288519
-4.83162872723
189.497871703
203.380635908
187.35729732
195.506222903
-32.9770491765
-32.6632258091
135.396122175
212.518876934
224.959632453
207.148089465
101.426810408
207.416201984
175.322739889
189.739577491
-73.1930119721
160.411170388
161.210297132
182.771417663
189.239323289
148.144147896
215.010945591
243.542419644
207.516469194
249.487784484
170.176377372
153.211278291
192.298774622
220.154889918
194.155401041
208.1603233
201.247519232
205.999721935
229.267422922
191.727249891
150.83406063
197.709641462
167.587034461
202.816363381
187.683023974
214.754043361
123.412561612
182.973946869
236.544936554
182.820887625
230.220253351
200.592731976
192.354438036
212.201708425
169.989313458
176.339276383
198.097200012
204.49565417
174.10381049
185.018024636
209.43074053
-64.5079235113
199.104369342
210.044982081
150.354114967
199.588707755
191.717066023
188.002236936
179.120858183
209.621866184
219.954432816
180.208827144
200.655674223
171.596988374
205.505918923
217.360228298
212.007938291
176.053710912
156.893005305
190.868788946
199.774670847
187.974595638
201.175488189
187.602413882
187.628432756
191.780149055
202.898889206
-15.3608424979
180.372314112
188.192527337
197.681259596
198.612229546
191.638688686
232.458936382
202.780323444
179.162472495
188.061613156
231.044592503
200.619225739
184.150731563
215.630861599
167.840950079
212.9442666
227.492139873
204.030775473
-30.9668424196
237.607702077
201.476961419
45.3998910158
214.812622986
200.899212769
191.465352427
188.063934148
246.559187413
209.791883467
216.649696306
176.22054055
206.872869338
192.41833736
204.812049474
235.80551579
217.494272054
187.871142577
176.30471504
165.56536032
183.896484629
184.298783176
198.884349575
218.738468193
223.795617573
247.336079902
190.701642433
233.563162088
238.659279773
188.66381914
202.272459576
206.863840987
242.982526224
223.685554807
199.604959633
221.077044865
201.229980672
195.548130274
228.080383342
219.576390022
205.267144962
226.562732239
200.462904558
228.274597843
243.669924352
162.180901692
214.618523518
186.229403515
211.025580691
215.476769543
236.805776638
226.123964495
232.044651379
203.971850537
201.27049784
220.602156154
213.877002072
-61.6112906858
218.16199693
256.727922038
209.506062975
199.129085113
208.570111612
197.606502643
242.206762326
215.179117238
200.396004582
206.651002912
211.876294045
226.168943102
229.385835807
199.88638338
219.831557568
207.568346558
-39.4025966017
224.539169005
178.320101786
201.979995074
221.442882472
193.708988588
206.078713616
209.451363128
239.188995382
223.788901724
228.392808134
248.866693366
197.662691162
214.98278226
238.425386186
242.734106367
224.218086025
197.098361184
223.809481058
247.469045412
184.717022804
220.812628398
211.398082323
229.35428145
226.599985789
234.843881548
214.293347987
219.261563896
224.771834884
236.259993859
227.734819604
246.573880466
213.64410474
212.146810663
199.215549429
209.152777184
217.384529057
195.908931899
233.902616951
200.705717154
204.483816698
214.515361199
229.480014547
225.13581943
161.994324135
233.522697227
207.203216172
184.712735426
207.978306851
245.530164749
180.96166775
184.471450339
215.387680387
238.259412832
206.340261432
220.835894808
219.665527259
188.614220863
220.8036733
217.290740409
195.427149427
210.949603188
184.18900201
216.661333215
190.244716673
196.559205864
190.127749448
227.19008596
236.647291417
200.258680468
235.435608315
232.673561405
209.146939825
248.088332929
220.345870294
215.014941775
202.181842796
205.853671728
-118.689849367
222.309615861
205.01579187
214.66153998
254.782093292
218.82419124
207.884812108
223.959804703
229.609396881
228.977289263
211.096918106
209.604541152
240.414498641
219.312890739
235.842202786
197.833191871
211.208406996
201.230083785
224.298883419
225.468711055
226.790124895
230.830477849
191.092385369
225.884630939
236.175600574
241.012510446
262.108561645
223.305812408
251.291642768
203.971678799
240.438488317