-707.435295287
-117.07123402
-99.7702045602
-135.26247475
-56.6634659879
-396.310142505
-122.169214675
-173.262514241
-117.53075232
-214.606818508
-218.580232578
-268.841061606
-89.831852591
-145.393076514
-122.797312855
-390.719974684
-163.650072166
-126.680329998
-98.2594322962
-96.5058278911
-131.982620696
-115.34283981
-286.815305534
-157.84977415
-196.674184436
-338.653478667
-107.575567936
-161.345156049
-185.951612241
-180.066384829
-37.8987592097
-119.74812919
-186.3968039
-196.474260472
-248.34931953
-86.7204850828
-122.151082338
-147.036428102
-153.572243089
-121.520513049
-213.461532838
-18.5845488767
-117.377745624
-93.573139181
-111.2438225
-153.416353593
-173.133995528
-115.41105291
-138.916844755
-20.1826700431
-134.119576852
-78.4975607225
-56.5774929636
-77.6377340706
-189.528276488
-84.8929256045
-108.095625207
-174.207705022
-186.76103274
-41.5198467004
-92.1552573962
-70.6154036821
-62.0087094562
-126.964956777
-81.1183174486
-169.51661085
-53.277359387
-0.360634971097
-61.0612635147
-137.111695474
-118.667739144
-195.408339206
-90.0162829075
-116.759849998
79.9110540659
45.9015247104
-183.833088707
-197.728974246
-303.734159397
-55.7777047793
-202.515543945
-139.307815355
-41.9470664309
-140.178694635
-107.957487733
43.0274467881
-174.190702616
-168.43187108
-158.59477681
-103.827734645
7.94063224081
-38.7597333322
-109.494999521
-71.1378551727
-40.2747610153
-91.1713800154
-23.9375978444
-109.867132738
-181.984929494
-98.5581083628
-274.983738108
-172.985477626
-144.131752461
-219.096161683
-91.2548753232
-63.8670527124
45.1971429773
-101.483991458
-63.2638218136
-78.7897175747
-63.7717067668
-124.634056275
-58.6863631974
-26.7796529707
-66.6803934982
-30.9567622965
-73.6964081588
-133.940943424
-111.167003545
-62.4858233241
-49.8884197616
-85.7075615471
-86.4662907067
-58.0219430071
-72.3905586447
-85.2764506461
-144.251838513
-93.9372506241
-101.305981317
-49.548695753
-43.0959389609
45.721331808
-74.0478069462
-120.537831536
-47.2178571431
-121.568011898
-100.127888135
-36.7492832203
-74.3716756606
-40.952562406
-64.9046840868
-50.719135005
-61.172261593
-90.4037026958
-99.7255479865
-85.4178424493
-68.595430648
-89.8500234151
-90.9609770796
-78.0286553266
-98.8219724073
-74.671923809
-66.2713862478
-51.17807381
-65.6189120838
-99.3448804773
-90.7843806807
-48.0789971271
-64.1588137236
-37.127636089
-62.7089411275
-55.6440910905
-64.5745143679
-52.106056456
-69.9337653724
-48.1299120749
-55.3967267657
-108.513069044
-61.6149901161
-24.6677102645
-56.2962881612
-64.4567585822
-82.5677087674
-47.798904071
-38.5056982834
-32.6378291189
-76.2086275081
-84.4220716845
-73.1841815815
-108.650373215
-76.0766688323
-26.7792120663
-75.3420903082
-61.9711906615
-77.6397735566
-93.159016934
-93.2991391334
-70.1533783677
-86.4789289719
-48.8171962547
-67.1603970918
-41.6691006356
-41.6370635213
-112.688673814
-210.434190158
-77.291825274
-181.069340435
-183.064768644
-90.0756282935
-44.3813270146
-68.6594987864
-35.2024637402
-66.8111234945
-45.9516539691
-103.962688475
-65.9073029192
-104.355740096
-76.9849242912
-48.9534717427
-28.8022349786
-30.6435178514
-86.9231849027
-22.9466849072
-78.1428230435
-78.9995910143
-39.690355151
-118.306776223
-134.165542185
-110.912842488
-116.786472085
-24.5028830449
-56.0616986578
-65.192790749
-78.1566304676
-111.311847827
-115.826368929
-62.3782147074
-79.1658670634
-46.0351302508
-67.9105763795
-12.1103441905
-91.2209650822
-48.1936815678
-78.1867746089
-82.7039753424
-108.406087163
-18.2212911645
-93.8918685413
-70.6166796422
-26.8266012024
-116.561233281
-26.5714624885
-65.636731799
-34.5921932423
-45.2083840812
-32.6494340084
-45.9265391706
-63.0493139265
-68.6294856357
-82.3747277469
-60.3014212876
-113.55663941
-54.4644956338
-160.534653654
-73.5765505232
-54.6776545256
-61.4524840435
-22.2932900125
-44.9294761797
-123.032511671
-113.906858293
-63.4052350645
-63.53094323
-36.4507379726
-18.9695948269
74.504175051
136.218830223
138.893748467
104.606778075
74.3856111348
-186.124352391
-75.6254059301
-53.4479506661
-155.976031276
114.802813792
97.8289940245
-80.891565834
67.3919490912
142.486177835
72.5082953994
60.1719981978
-30.2734931449
179.884260055
4.86085457701
123.093268379
159.557304162
110.201072728
51.9996865048
3.34926978011
191.763304851
146.72583628
118.393258337
168.137829726
71.1614563026
132.064386055
70.9791712974
162.797077727
131.94439349
-105.399798635
170.830816681
151.978896374
160.870071689
-84.224280131
180.741388774
-228.323934554
134.074261815
133.097207239
-104.282473338
177.828057517
112.851061184
-180.42414616
-44.9055318269
99.51452526
130.908114891
68.5657665971
148.751687151
147.845924525
-100.535359513
-186.342389663
165.153949531
69.4130747565
141.910630585
198.948523657
129.517947747
194.015325021
-252.605283401
149.455144115
143.059075988
125.973112567
168.54806985
141.685717699
182.50239285
191.898195656
193.896951657
185.060515231
186.18443864
181.934795886
218.839263084
87.7987950144
207.356385406
-186.871140541
193.908572402
190.074258231
199.578809605
-50.0105720021
167.15159513
-54.3264461377
73.8069523399
-92.5126687781
180.7025596
206.237932654
190.0767948
200.52924477
204.349268854
81.8222165253
191.921873491
-71.8317406929
200.960165977
173.732873708
179.825331506
166.556983575
210.419209607
195.702143678
198.269320634
195.311635855
193.626691594
155.507951844
186.859617403
180.557647031
190.69473028
234.16741628
220.653789643
227.315525224
196.458850368
233.689420891
202.687222996
186.509007954
160.054351593
228.191209482
200.779666781
192.795596409
196.567495661
132.534646671
173.99339231
199.990067405
171.132443846
211.319505978
207.830977997
179.782929948
219.467939515
189.576089819
-109.125243667
220.817894054
209.490203159
206.358945628
177.242087211
179.896625513
207.869654043
190.901017864
186.179760621