-508.013990103
177.282403549
-22.6064545672
-160.479664188
117.469234193
-84.6092063114
-92.5753777285
192.291951862
173.473255016
-165.362723007
-112.810560017
186.916750813
-92.8437539383
-51.5809243657
-195.373155346
-141.018786661
-86.7007368291
201.101920276
-349.561523132
-87.7300028991
-434.607268744
180.941076583
-315.900666057
-62.5083676712
-211.38384
-79.0635600252
223.754545967
182.897565747
186.20449449
-43.7681281817
-59.9887290147
-271.552321554
123.897292556
-400.050397588
172.21453601
-342.829891193
224.655232852
208.803982788
183.907088697
218.751090563
153.801621378
158.92344073
200.316501225
152.384966551
212.279893524
217.886652175
-243.663102186
-99.1556288246
195.581760515
-321.431928674
-156.772590774
-159.740436757
-258.811245116
-105.15447786
-278.610091531
-208.707319508
-91.6897030931
-237.291241869
-118.088485596
-86.0902985529
-85.7954467365
-73.3516262625
-71.5333348202
-173.83746429
-17.2728026536
-86.3315140136
-139.687847563
-132.541332301
-34.9545228457
-173.10336833
-232.160515341
-168.773388308
10.8069320712
-255.071943045
-72.9007799442
-96.6603749522
-107.79058982
134.027802298
98.9236134601
176.384030024
177.335300144
51.8146995083
109.376950104
252.10835262
-337.195367188
213.429693414
-77.5166366941
-82.2275276781
220.12752147
183.509982179
-98.425091685
-67.0178963519
-72.9327291841
-65.1257083366
-62.791927884
-0.785021400825
187.860074121
181.180017621
-104.550439765
-209.908207657
-74.0950152537
-23.2112225174
-106.546802667
200.675525
-21.6279895365
151.169729858
-75.1508947494
206.829995118
193.709825308
-73.5113005258
192.314230407
-198.734108799
-88.5364954411
-48.0800371602
-98.1492981803
-80.67393649
-33.9555026954
-76.3647106358
204.526338621
189.132877387
145.275780697
246.445708059
184.946517955
172.265359915
196.055280774
168.808329084
185.098782667
149.475850858
-25.7839680219
-48.5055621984
-42.5344385236
-77.1839601463
-42.609596372
1.20920132979
-225.713675872
-162.213893046
179.56444079
-28.4393734124
180.36238912
-66.1167986818
223.608645491
166.557091228
164.453066153
215.612347914
-183.284596508
136.137541463
196.074653593
-115.024799586
-5.86273451321
170.059306837
187.484417655
-90.2976406933
-64.306112809
-47.9101651367
197.92007547
203.08677168
195.435439934
195.169578479
156.228791283
-10.3220875462
-45.6166758507
-41.4107058474
198.331942833
220.535927875
185.622600623
84.2359749644
216.885486824
-96.3235271642
202.14853611
193.311719307
210.743038026
133.043081981
-60.0178067101
-37.4202351093
-298.325232454
191.509468887
-42.6489165023
218.869291643
152.594433341
164.892796647
163.189422183
-118.774624866
136.718381656
-7.66801755356
190.729803668
175.708441797
180.402477318
185.338668468
-21.1776657026
205.554214843
178.166997705
-75.298552323
194.815216497
164.11857318
173.893557077
233.152981719
-88.8656153794
192.583767035
164.086399867
-60.0404409912
-33.5681772406
-164.196743766
196.515677902
-319.911665646
-82.6576643173
208.472323935
155.611486826
-101.85510139
150.289086525
203.690383012
179.516730182
199.595571449
195.5682907
199.627114494
169.69407851
-13.1679473422
177.121695926
208.922910646
101.714112848
184.145747575
216.058274985
172.010049482
188.819234395
180.654968467
-85.0187713403
211.281288253
-41.3558440747
-211.735435503
160.824145896
206.481024037
-209.405724821
211.753557415
-20.6011868305
183.007837694
193.212132998
186.398500265
189.515952282
172.135883988
-22.0151620661
250.544663245
177.595429002
197.87109275
201.444810732
224.053713431
-38.4427833126
193.807960694
208.443648238
211.899402766
170.689082172
212.409551197
174.207499823
190.305378925
-39.7775299424
-20.9528985217
-80.0862039896
187.163366838
158.379653487
-52.1283643828
194.702982479
164.079412203
213.532616749
-36.5790301381
227.017172665
204.37799587
228.539315863
-31.3709456348
-251.455047129
-57.1764431861
217.720316044
-50.919984672
-57.3257976663
-48.0295582273
196.002652616
191.698390215
221.687646499
184.939406866
-43.3273929869
200.642500804
158.567083665
187.663400778
216.841017411
196.101709453
-77.4839806575
-81.7142049651
255.151278986
192.379880646
199.054292841
156.816846711
228.705392637
-38.9996751175
167.159016699
176.495010921
184.843532191
164.741651878
201.947272479
213.757069662
-122.214489585
-41.7699238263
185.246843682
88.5601785646
187.099129432
178.909518959
195.551154756
217.093850571
248.939952721
176.879843338
163.63497577
197.098859335
151.401656796
213.550448438
-8.81205360597
-225.34168045
182.061219297
174.345742291
187.798126375
229.170373363
170.695390021
-131.903759156
-30.0519623185
210.67752355
-43.1611726738
240.538873143
-34.4960966665
-204.553654374
170.353157387
220.289757655
-17.8371315059
-112.180018458
204.392468346
162.627460869
-53.8163228527
196.671379352
-57.4956853091
-295.190124203
-63.0090520479
-77.6572683964
153.334216614
203.261584266
238.198028576
139.865926089
-70.0485490897
186.837310309
141.906283807
182.659144876
210.693494727
-59.2428338507
191.257804164
-108.364409785
-263.301008105
208.574604329
209.21461936
157.646717574
-179.588863624
-26.8529114193
210.575737931
180.029091834
188.183926206
25.524939633
-49.9631512209
202.042815164
-97.5345100639
-111.994143439
219.486586738
215.128258451
214.118488326
236.763175233
196.521086069
171.316436774
-1.03059518136
-75.7066751858
184.856134545
212.178484594
211.216223998
191.414339906
239.142092833
-36.0031686926
214.14563285
170.387400213
159.237525656
204.887831893
-60.8672180628
189.262862482
-70.209557829
151.136043647
188.317114284
-17.2767882149
-42.5304185918
-111.071974525
-74.9503140447
181.614376974
194.910866406
198.477463246
2.2459432765
-166.656542106
172.435429596
150.928258801
189.486250676
209.723831019
206.184640279
166.597669091
