-579.665468827
-164.057333157
-259.640005372
-299.771463875
-190.145482307
-163.819892898
-148.072022959
-297.133779868
-359.668338515
-130.428602801
-139.301929379
-140.732831271
-177.946321742
-91.1678549797
-317.335041262
-281.246740362
-408.624440724
-355.238747088
-341.231209296
-104.51582506
-123.449634059
-192.118938991
-189.052766203
-246.964722266
-258.543478543
-243.57428166
-119.181951101
-201.114311868
-236.192533617
-184.018015468
-189.195613304
-87.9510319651
-57.7547691466
-186.362457639
-129.029192067
-142.948512441
-198.461574094
-113.526790418
-146.765859902
-41.4308735082
-208.87327578
-84.7834582157
-176.538254535
-170.743300491
-125.422418073
-157.489815169
-186.594579658
-141.420481316
-183.768903779
-121.902983125
92.3159789367
-120.107286557
-37.7679066394
-147.072378014
-166.192057099
-132.939820295
-115.206504869
-207.0535131
-233.692147278
-111.513132972
-256.882855911
-229.172728552
-183.250522072
-61.37857128
-139.869382746
-239.541097997
-60.3103388574
-65.4123095216
-209.597519306
-206.877008238
-137.724419996
-112.488719591
-84.9241649523
-84.2246693187
-73.6825508202
-71.5105715756
-67.7088248531
-90.5897024824
-74.2720646631
-94.555721261
-64.9644718592
-90.1250009414
-84.3828843283
-86.5835599381
-86.0346941804
-98.1303456555
-164.224230169
-109.02537833
c-92.0358624117
-81.5373365051
-73.3160724653
-120.506835385
-72.7943345912
-63.2895730653
-105.334619337
-93.9570738351
-47.2517433805
-96.8825910791
-50.2351219055
-77.770550728
-120.870952906
-98.3023085284
-62.2118860777
-60.7188450011
-60.857857737
-120.51800965
-70.2407960241
-94.2535076063
-96.7364014005
-76.5117401617
-81.242514526
-86.0795442482
-102.010512999
-52.4552005477
-122.860039477
-56.9400830136
-136.477186912
-61.5982868275
-93.8903048673
-114.346291348
-74.7346773064
-49.0432761903
-89.0531919997
-99.5455014286
-72.0307040411
-58.8758619076
-118.878043406
-79.082177039
-64.6776124599
-72.0922407587
-52.5463231508
-62.21726719
-65.6625977556
-56.5219386789
-74.0527256356
-62.1351013873
-59.544118109
-96.8886469595
-79.6548143243
-52.3160436138
-71.6116111848
-79.8053218947
-89.6705250686
-126.202825081
-73.4174512213
-32.6354547172
-134.568492543
-90.833771415
-71.6692787069
-96.8625361572
-52.095355798
-100.961166204
-69.2880964765
-87.3644273626
-106.952997822
-54.7707001626
-50.8774932893
-88.0938898944
-115.866168324
-104.568058774
-93.9636382738
-68.8575224915
-58.7530918939
-58.6217857818
-68.1050465605
-76.5935708072
-48.9824389354
-102.158230958
-92.5541352766
-55.7705641437
-69.0188153294
-38.9453382966
-90.4472691367
-71.206725256
-85.1098253501
-70.1451509326
-72.2790420944
-66.2140711216
-70.2357526199
-120.567831509
-47.1953132357
-76.9868493713
-33.7478028138
-55.9384823346
-77.3782813028
-124.066027313
-55.2427385832
-82.9718150073
-96.094296149
-121.403245094
-93.7348896907
-69.1360347032
-47.295702001
-90.2823903967
-94.9143458256
-53.6969315648
-111.631380421
-81.4002201872
-42.8921993027
-121.069759722
-100.436228137
-112.266626188
-94.1817137326
-65.281476745
-59.1987195555
-82.0844218157
-83.7767047261
-63.5072285968
-70.289083756
-66.1850476426
-47.6686252041
-110.57993299
-117.686652612
-78.4385853091
-96.1649322336
-104.198237727
-109.447748932
-52.6889140546
-80.7753538138
-110.482909367
-112.0756977
-74.2887551005
-90.1919786027
-66.9540175728
-70.5657410826
-49.9292509046
-50.5592812226
-67.7515302931
-117.816145784
-65.1505437494
-94.1971762108
-85.657415242
-100.898172913
-73.6790951019
-92.5209113349
-103.179175127
-272.281328711
-85.1999584592
-77.4111329384
-78.4865301276
-88.5038595898
-88.2184375506
-36.2668046907
-107.214370441
-118.431937452
-66.8612394929
-76.1921958978
-82.691544726
-33.9669464897
-117.3931207
-98.4816644977
-71.3786072614
-65.2482098944
-93.5595524001
-90.2976741066
-82.2522294531
-99.285839635
-88.9019760867
-110.442413855
-65.5259422941
-99.5981453231
-67.7798109761
-105.23272276
-63.8169950002
-60.9782179993
-85.752617514
-46.5055018483
-65.8140043203
-53.5750246512
-78.3371276845
-79.6511139741
-71.3335968721
-83.1510570797
-81.3326898483
-82.3636153622
-52.7190947845
-85.6064937639
-78.3693124125
-79.6077447695
-32.1386574668
-37.8962565405
-66.5628928871
-25.9239156198
-104.078202645
-104.166344275
-52.0319784359
-97.956436376
-61.4809094053
-96.3195105533
-78.0646082709
-48.1701691137
-80.4716811402
-25.271347265
-31.6318739398
-102.141513614
-51.8150933253
-62.4589694472
-74.8117585199
-41.3446069112
-31.6123873125
-19.9000739504
-47.2786198813
-35.7377965013
-63.4386683502
-60.0818823402
-57.4523330445
-30.7980385631
-83.4926872302
-70.2691721327
-36.5797709714
-59.6245145554
-88.399833623
-30.9542744662
-43.1991658944
-71.8998599989
-73.2012192161
-65.4175614786
-43.6222547959
-89.633029558
-121.366792095
-36.5059800416
-45.9646642951
-69.5196307678
-67.0763272027
-80.2861083596
-46.0507867521
-101.589290929
-106.203929639
-21.2412095099
-76.9402075905
-85.8401026586
-65.3262758464
-79.0570353881
-77.3211457135
-98.3821365823
-31.7366376088
-27.8133010687
-37.9239063049
-27.6832147625
-54.3695003243
-47.9185988926
-46.9702124152
-60.7347314794
-88.8905751803
-85.4502346341
-78.3187248041
-85.3559425851
-91.7726133838
-68.078196479
-95.9091967975
-17.6348759487
-64.7689679932
-95.7901766924
-70.3602833741
-100.528735129
-64.4261054154
-69.5218640533
-85.5853100146
-74.9498709447
-85.6663957626
-35.9609323156
-20.7876572573
-36.4621286848
-60.9001984734
-76.2385768037
-53.364366299
-59.8498773571
-19.1322322919
-70.755404345
-94.8123900501
-34.5097978496
-77.1528691664
-42.1099964088
-33.4981065673
-36.1129034559
-27.5589676628
-34.8670922727
-78.8471378142
-31.8710706552
-57.2829536981
-34.8590097705
-84.3833377809
-37.2990633786
-41.26878948
-78.9603244164
-86.386211289
-40.7577740247
-29.6434933217
-59.906997783
-57.567307067
-38.1141371953
-101.150424764
-53.1749016858
