-419.890083016
-100.362279074
-85.4791236335
-149.834371007
-155.382031789
-227.540142482
-398.836426375
-369.856814106
-275.626180372
-84.464219262
-153.606025174
-129.573129759
-189.425004233
-180.202088576
-129.171697709
-70.8202931665
-92.8858152722
-135.90328818
-114.125221856
-126.443888807
-235.927327032
-281.570297101
-105.671501627
-101.886658828
-262.287849319
-133.794944908
-117.45998539
-76.7073106477
-148.043887044
-86.3379081269
-111.584612842
-169.544305084
-123.901014032
-200.036802529
-120.347492135
-119.171716509
-171.73891952
-197.608544007
-50.9747229571
-51.7951028798
-141.989534443
-72.1809643795
-81.5875023189
-39.0012483147
-108.607316633
-68.663348314
-83.5040383655
-19.5937353554
30.6300656452
-158.910836502
-173.468728657
-106.481051615
-98.2324375221
-128.104211461
28.8657111933
-8.91160582099
-70.2628794703
-35.6927977437
16.2814450595
-219.392768535
-101.282849368
37.326161685
-287.222167818
-223.006940621
30.9053903959
47.968620327
33.2883413564
62.2737538928
46.9558364097
57.3519169467
92.3012209199
41.309721633
67.6187678514
-107.588020847
47.4539059556
24.1223689167
-109.1825911
173.515785226
48.0293221278
130.85711864
-43.1741384457
70.0030179756
71.8973638252
63.3155480881
20.9619807374
136.890038265
53.6299929253
58.488599648
72.7276973737
75.5478137853
34.1016132143
26.0699854394
-80.6755117446
154.301277543
35.3257803467
42.674034096
173.050739138
71.2796929373
61.4770308147
2.44628381085
16.4604182445
52.3603292955
67.0638140653
175.603660153
72.0600371977
157.318665396
56.7842369328
190.774183527
-47.1760497575
105.198842443
86.233265353
136.59094209
188.992303694
196.981075563
181.025185739
134.403921332
164.433524117
197.336104735
-474.438403833
159.768304779
121.211726595
165.090268698
-41.3237137646
160.557526128
170.454201163
218.100343867
206.127113781
6.95582153861
-43.9420807422
250.642352105
13.7598406761
196.424219478
210.890224746
193.829139443
198.663045958
164.800921683
35.2825048944
-12.1794015239
175.83964618
191.391505986
211.39154105
199.010789143
181.330801297
64.0696691203
153.258604895
157.738655146
191.983916986
174.379214139
175.407235401
-68.9924583733
-46.2779137336
49.6454950307
184.209490396
189.50028219
187.721589327
210.28346489
204.227152031
165.740909724
182.08074027
-169.435681177
230.86337244
208.550383977
180.856067436
51.8786146414
168.657942202
195.442345095
167.595610004
170.2804713
237.473588167
172.359660098
183.530050026
173.036931922
190.301163497
206.628740491
191.710755918
216.89700155
198.311984956
232.981310922
189.030358095
176.992959521
186.755798928
40.5421169365
187.381240334
176.753731036
120.226215531
138.968113131
-31.5590963901
25.5590296303
207.806819484
243.390113397
161.323034536
180.056970033
205.771935611
197.874725115
183.476733624
187.064057326
178.362186956
187.327339035
198.506914111
188.296366039
196.424234449
213.799530116
185.139561529
193.388907902
137.503316822
156.897054826
181.104175033
207.63893623
214.783188157
-30.4999640744
185.962478325
196.625028525
187.036351997
205.596008607
224.320058599
178.121342272
201.517625362
201.739475984
227.029566618
226.629367728
13.7047098537
217.260744844
199.891525704
200.564187384
201.065177989
184.034259758
222.134353306
210.177895672
193.451745171
185.523702813
207.210501307
206.313021604
217.397354155
197.819049546
214.743088578
225.641495097
210.748922955
207.663312204
235.130798959
200.269886402
225.923157332
203.340310093
201.724554495
208.257441779
200.019817219
158.840769617
202.036177762
193.67242433
219.137779718
-30.1068048633
223.791552141
183.396662643
240.289791443
198.575738513
-83.2574862462
199.665994302
182.402435522
216.019311627
227.222674738
166.508091327
215.481234642
210.291862914
188.766233362
204.978800072
210.267090504
188.318136588
190.334007949
211.47933168
205.90579185
213.028986912
163.023273362
206.916794687
196.824164862
228.53278801
218.873333381
211.166421744
218.889200098
202.36142071
225.523224796
178.889851207
182.190691725
202.380502134
228.256540304
191.600090091
197.020299804
201.380245839
190.05197673
193.001479833
170.269888329
203.771088796
213.252709028
221.61765294
224.354152521
194.929103289
181.518576899
202.325226569
231.824682785
227.652003236
190.938378637
199.268269184
210.241303743
199.963299271
225.992702323
206.46033968
191.057019849
225.848294749
217.134832631
193.285751561
227.100810557
208.742353177
204.453621641
215.11150638
230.450438181
203.5141999
211.755859357
212.91809988
213.487055279
210.094063069
217.062932009
242.409954574
244.797672676
-20.0656986021
224.260306429
212.297328424
208.098164197
214.274762539
246.056886456
213.415428929
197.987349949
252.200192763
212.930382617
193.426812198
206.324959973
206.977148354
239.346771812
221.772487826
220.463304485
216.824100071
210.764201359
215.779791467
239.358028771
193.931009857
247.738136786
214.49910505
210.116618151
208.745742259
185.931003537
227.760375401
244.63324661
226.352903719
229.620146379
200.894403825
202.560201373
232.90788963
238.70351264
199.667453384
212.501361125
221.425466464
175.021211082
248.58417296
232.05671024
208.25846628
206.353958594
183.688112617
189.896862357
215.651200155
214.560110428
204.184818351
224.525773903
218.434408257
216.330093683
234.596532175
203.517869084
172.637162471
200.070289498
215.949558768
210.840603077
207.190966805
230.164349683
205.128466244
234.164001893
196.659690891
240.176761347
235.379992628
183.289568472
191.684566813
211.854008487
220.614707843
235.555905209
207.705371018
215.972831525
189.913417567
205.457490004
197.851326525
-3.45499418452
249.9171659
235.933537208
207.869283911
192.172714146
178.724406931
