-561.001089995
-400.439404322
-143.487283567
-170.147504052
-302.95787968
-341.872038078
-154.27018335
-160.917036859
-229.781846025
-158.886635625
-296.074753548
-302.784088336
-343.02804276
-154.675776257
-271.402448496
-480.417021251
-128.919137697
-88.1530801172
-246.005806491
-95.6656189131
-191.372978947
-35.7225975332
-342.318915972
-67.6952133235
-182.851295017
-106.957802705
-209.949488101
-229.361528473
-168.040216501
-119.295894371
-156.054123617
-126.086201684
-152.165398332
-113.224256074
-240.697898374
-54.0747130962
-215.248201172
-199.3119847
-124.130905809
-118.551171992
-39.7673684261
-303.754762642
-83.7596875404
-192.689372215
-133.132027004
-192.320144742
-102.138961591
-73.0108545925
-107.959241176
-121.009621188
-98.8016602618
-118.094794
-77.9930148302
-89.9149326339
-140.96254752
-97.8346400216
-104.443572961
-144.039172505
-72.8076059371
-275.952360224
-93.8281174937
-80.5024589246
-118.624199269
-88.5280055563
-138.787884318
-34.8210247065
-122.215249106
-72.9322432848
175.90665548
-145.109952854
-41.9087976855
-92.3191272145
-113.945826684
184.204008382
-80.8607813896
-206.445072094
-69.9667403503
61.0504551497
-107.583205619
-90.4239171595
-78.1328425513
-140.326147196
-340.532684264
-32.5573709764
-81.513546239
-141.650805159
238.846893032
49.6879925125
-87.08167382
-70.5831109457
49.1655945233
-401.725477331
-187.252888478
-35.8810826517
164.794591698
-37.2586148592
-9.84664024642
-133.473782821
-36.6120134024
-80.7024114863
-77.344277821
214.4572106
109.44500955
-91.9781381906
-115.84926539
-216.02012661
-92.9039721901
-61.3929081468
-484.681258896
-69.9303845258
154.298779116
-82.0493280592
85.2583304117
103.526396443
-108.185498887
-372.510055611
91.9903361386
0.215851161259
104.803307009
46.3733453
207.083519055
-116.979491967
-150.764901604
95.5060935107
139.854184592
119.149540354
122.089751968
128.406540508
123.075600634
-8.33482650044
90.555291234
145.779195893
157.479767618
88.7128452082
208.850129478
-3.76422610474
9.51880241867
208.261576341
177.779207422
131.504636782
158.526972408
-133.411599472
87.9496602573
163.154941116
207.295059251
113.559045164
223.540262409
-95.3256811893
98.7268252977
204.556424556
180.403675185
-126.930863706
148.681188483
166.136322383
94.480969633
180.098188841
133.814390329
-51.8330363735
194.804731449
195.084194255
133.708147467
123.245412955
103.185705082
152.029697069
-164.732072004
93.2390121418
108.696246943
141.802966174
200.834823571
184.165111097
97.2876573763
113.941566797
-81.4911831783
118.908094408
87.8642315592
162.522998157
141.033034098
144.327119698
98.6602970511
-44.0811235847
149.728847288
161.683372545
178.464626501
-94.6402515196
139.814746728
177.448711854
-113.203083047
197.833781027
168.688561064
152.205398222
171.196322239
166.114458404
-36.5427152035
154.229732862
145.785272704
194.51505319
141.108841135
177.486765724
55.5875600338
159.329270165
152.254359813
-144.036850557
15.3600808369
197.431309252
124.197863336
186.185244492
168.074114799
159.582614997
-227.045818492
159.363250686
-91.0303984977
125.744425803
133.898628082
126.204799745
159.062104453
190.970565327
182.076428709
181.823876883
-90.2590689253
169.14577018
135.581292082
210.884581173
122.363388974
168.959771807
87.2948437821
-111.689932401
163.174168742
162.561941159
82.551779127
156.645916026
178.160567734
133.73990898
123.780650336
183.952359452
153.191639805
159.108140297
56.2674147435
189.496586006
-148.805731631
174.601345788
181.172908741
216.067826698
141.325689963
178.01731801
186.585655304
155.695647378
138.387820216
194.306091693
201.776195005
193.239658988
165.227302036
182.72444059
-150.908061899
31.4031092581
149.226859618
160.588664734
141.878511778
185.260791556
45.1973558743
-72.8332492715
150.633895568
165.678954878
163.400239567
186.300020548
177.873266042
136.274480364
135.919894985
199.789881908
175.955836435
143.490722232
187.601116619
158.445126332
203.409666877
170.531664393
169.465846869
169.930343299
206.695879283
219.639074079
172.915102997
169.470104257
173.870867042
171.305777924
180.806802831
138.171009816
222.327896414
124.833358959
142.647066305
150.082515778
152.731046097
161.640637441
196.489746637
168.362826816
177.748791144
178.817562501
180.632523032
152.885404775
189.273374057
229.725714266
141.958264387
173.932752877
156.246254066
210.250250198
169.419346874
113.839359834
204.281871953
48.7389539859
139.73129194
166.119753634
174.391651316
184.56184877
156.140915168
199.16009357
200.082774729
159.080534751
132.152514969
129.437157425
177.438754562
188.591099929
154.033794253
167.288169541
93.9571055885
125.344586004
201.815771434
189.154560484
152.148750879
128.462430702
47.6579735775
-19.1450385616
165.700130393
188.339636636
211.241694965
184.657531769
178.159995671
126.163874248
185.353435926
160.929236874
153.732984735
140.357151088
173.124358152
146.554017811
178.188596761
195.685760845
-60.8380890499
157.689574394
151.250567352
199.406233179
216.01689027
214.04006253
188.310509551
144.443926842
190.953632916
191.075396576
235.906193687
191.524525159
160.904557405
151.808800856
208.642062552
182.083292294
145.365712041
129.937649109
214.002933366
149.179487624
195.711105497
201.832574953
-68.5565854847
191.344892723
200.661581077
201.204819314
183.125830519
185.190509709
167.857681606
138.377194575
140.730518657
198.308451415
198.566055153
-6.41923842263
183.805263942
185.309045212
197.905744251
225.472430533
206.313366396
165.263270064
196.101323076
218.871277489
203.221891805
181.402781592
173.495161584
-241.11574919
207.296610946
181.308089784
229.026710174
159.547370262
177.517572956
224.356205409
231.112277725
195.682697163
161.733361502
222.089816205
169.390587291
110.077960616
