-801.877848153
-192.961856839
232.912413853
200.654017816
190.310045833
225.378814721
215.553736562
178.08900631
172.330244843
184.485223468
-194.606424273
220.141921558
176.669783068
167.392401084
221.012736279
190.316491089
214.748670766
157.203921581
173.997743947
204.841887824
107.235038157
218.180344956
200.984434436
-69.0825699033
205.512266488
200.264830725
212.245334786
191.408030022
209.957513809
207.104205322
171.747839033
-134.026405751
213.370328623
-208.648005304
189.172184865
198.675602129
174.725997395
221.91566771
186.400660817
221.793231014
-61.7773205251
156.675285243
195.320620396
186.270387024
-186.04428404
-56.0827579687
-231.196361714
-178.530521601
184.497323134
205.622358413
-55.6301225203
207.535466688
-34.9953872865
-75.5079465052
-78.8196594571
0.188654577503
-348.393940253
-44.6603554713
106.799825441
200.368353457
206.330475957
-161.731471724
-59.3332751025
-35.3219301755
-96.365657738
-1.53960721791
74.7990882747
-51.1355586943
176.324519397
153.789303922
-7.89066047669
196.131211645
196.023336507
-11.1077636331
251.886206824
79.2882579589
192.709945123
163.177384717
191.811212374
187.414963766
176.222367028
205.92697121
263.762780033
231.986716367
91.8647094586
223.241391229
188.148419667
109.932693721
181.294436058
211.477919974
90.4911335804
209.1136144
215.83756286
200.227693318
218.205561508
193.75380919
239.310253171
179.840506689
223.370308279
-116.733643897
187.576820289
204.782071525
199.660565791
229.583550464
78.5254660997
214.524302297
48.9442545765
211.871036977
212.456390606
195.675893394
227.417398298
203.422117051
196.176801334
216.138650825
190.330735733
198.187241241
-108.767625504
187.497004852
-20.7033980774
118.325423854
226.987936826
181.956249399
217.61357798
185.849002801
176.336868996
208.001913458
238.835647401
189.293440286
240.22794074
209.952395585
243.910017461
242.715437276
212.343585293
226.698522044
202.716434641
230.563418777
192.017996243
193.859412769
212.895414005
210.074398474
212.762883027
254.090398523
222.642414082
205.814694357
253.56045306
163.802193179
198.681823317
204.705826946
238.013279527
243.081815983
212.932585766
216.215857516
225.616685797
201.467101941
243.577522114
214.035241231
173.253862417
248.314579451
223.731972617
199.378375005
201.924929696
200.762992029
220.389195976
211.441326787
219.280793521
216.426521553
225.455789538
205.46324161
221.070769048
201.334071385
194.883737786
202.264747636
223.639276118
214.532462604
213.222856309
218.014184172
205.411033253
213.556183082
226.988085832
230.140299077
238.657082269
228.122314308
229.363448574
-87.7288863666
206.787657351
225.060067182
-24.4699013403
196.731225624
203.494705522
232.506887746
228.985248888
188.937161838
209.705912612
221.242734833
214.622981329
205.372920728
188.601097695
253.837566147
220.503035214
244.862504774
236.690340876
245.458943602
210.394291831
200.373166341
217.840840512
238.145531373
221.26504086
193.819944067
221.307936979
207.90135651
219.397737187
251.60235218
139.351249405
188.196201778
184.252402909
226.21530911
193.730589671
223.001884261
258.386906404
195.374390089
191.354364552
232.770223187
216.732573861
198.761747165
202.126771728
194.809018663
186.616691827
181.149033036
264.362473881
210.152586546
205.562733757
237.708609752
191.277226029
246.577119826
242.601912544
-103.384763048
213.530110617
230.653371959
245.794848695
205.951911179
234.016654989
217.246303658
203.34640569
205.228552253
178.36692869
262.291165857
253.460050531
222.820486778
216.773458131
222.222928861
194.015582281
222.931386262
221.622154364
234.170226364
204.929784061
193.733739286
199.408707135
214.700165017
193.6262506
225.596393517
224.864737026
237.730390056
221.621875495
200.100449442
168.285791508
227.739853675
229.234885991
205.408945644
216.161213015
240.236699022
226.13039653
191.250890161
224.200279182
218.788082978
225.881804528
205.289180114
108.537692878
230.06920855
210.465309908
212.746399112
242.385991182
221.989385774
228.16062697
182.597156532
227.18053144
181.507395922
219.537617148
198.023325624
213.931329162
-2.73622132768
226.928601247
224.955381536
234.617960615
245.784856309
-56.8105701466
212.519267908
195.018851575
217.431024766
258.045238524
248.089687089
224.650730517
244.855485941
231.947769141
229.602582091
235.281717517
219.65812849
229.010236434
217.280945896
240.738461047
179.835981338
223.71947926
217.493468011
201.781289067
226.692630733
234.044777839
225.686311622
228.345883676
205.622797387
221.734488438
194.832934938
231.825495502
244.678504116
226.30751209
258.21134448
224.216176184
233.959137091
247.110778458
238.701986632
184.765023597
245.699935586
228.698911964
235.843600042
211.348567386
209.834193662
229.683484724
250.167341464
207.707834279
243.006462904
192.735632078
261.099341053
217.984023649
214.371917332
205.649172205
247.83347045
210.879088058
189.017706314
195.109197198
219.777588921
229.117785109
227.18044694
234.849636734
-265.996735552
231.153764942
228.786288539
219.211429427
230.5206637
222.120740866
230.09778496
181.880270017
242.672697524
-132.244169856
206.878142913
235.76188394
219.139379107
254.966174087
226.289674923
191.027552473
248.658978916
221.21294562
235.772524403
244.481281029
235.91619207
242.352785758
206.381514733
263.372922829
242.891632764
256.097992123
216.042363381
225.599611877
231.263857303
256.809511303
254.090710798
211.086873587
239.696170925
229.900034923
227.853392956
188.788061952
234.197216451
223.361126774
198.426813405
241.318528375
206.489176237
251.055261606
232.566872269
252.137070155
213.020098294
227.572766246
229.803341104
249.373826677
221.488838251
