-451.337754279
-359.86122494
-436.623964274
-261.167262307
-128.053122429
-438.043895923
-153.754640681
-352.179340563
-321.783155114
-138.228646791
-313.176019588
-164.504865154
-355.158365311
-533.782490625
-255.273029404
-263.600632203
-274.559626778
-173.11276487
-188.801559149
-328.7770278
-379.229070134
-610.957746859
-273.417043068
-449.943133923
-278.749123332
-258.355850414
-75.2334141504
-486.186369681
-118.621141803
-253.2974669
-646.860747221
-269.727741746
-60.0448110536
-444.785909167
-229.196713519
-517.656291512
-549.162419373
-513.085651328
-189.37211647
-499.954920603
-245.162781995
-229.14581163
-176.918990362
-263.791704979
-584.331687838
-392.59464718
-315.274990577
-430.186631905
-150.085627239
-139.177371489
-236.78064643
-203.922790754
-129.63898961
-268.129405781
-172.850539997
-178.738727015
-194.401245827
-179.314492599
-243.109320652
-233.543010866
-167.978172355
-168.517530914
-197.822132599
-176.178836264
-227.243063518
-179.412029138
-200.990728472
-184.718664739
-163.84337565
-213.139264921
-216.932061952
-33.0884164436
-174.205037861
-161.436197447
-187.127176343
-202.608916514
-151.519061003
-137.494319436
-190.309002248
-251.771092279
-221.724146093
-283.841483612
-167.263953554
-136.426735186
-198.848824524
-139.170893846
-201.905518715
-306.502792458
-132.63685749
-166.942207031
-145.442823172
-152.297942237
-165.433918917
-154.654406378
-171.84879681
-158.827896807
-154.714719291
-164.888020757
-181.815234525
-207.603381409
-199.571099838
-201.801113952
-153.489027998
-152.685861175
-234.593526431
-407.979234824
-209.777308469
-175.268115267
-163.296774304
-166.818795466
-182.284369136
-158.5756516
-145.279079084
-163.11663422
-151.676713463
-171.902738756
-187.451228258
-200.043269492
-149.551100696
-195.808004079
-92.2008846882
-175.765116125
-160.235736808
-256.87497129
-170.230000173
-147.92626475
-162.200218545
-160.557102889
-240.781109101
-197.753773867
-183.098298226
-197.786603207
-157.457088954
-137.708029045
-137.687217798
-203.458306172
-159.444893792
-178.227256433
-182.733318935
-197.270453531
-185.465761743
-160.652252859
-194.657185382
-209.639577984
-173.120284891
-193.649434452
-152.559082674
-181.876875918
-234.828830635
-147.201657117
-202.660484433
-127.878480712
-189.354756009
-176.018908281
-185.954099857
-202.742094622
-206.338484177
-173.153480771
-168.253581011
-31.8795978489
-193.829249579
-204.361014521
-195.01347775
-176.046156451
-315.85485933
-159.398729534
-118.568147904
-178.675492523
-205.663786625
-184.262202542
-177.038576977
-177.750094706
-195.421864885
-197.5669151
-213.792278196
-167.997239951
-176.350649036
-258.355278502
-355.823215184
-183.319435768
-184.166690281
-213.468056158
-178.539849523
-130.635708053
-176.418817865
-194.257025569
-246.775356637
-188.800064351
-194.14500038
-151.970162255
-177.535597866
-159.800778244
-162.746929817
-202.737467796
-190.169111319
-203.077332338
-147.522354047
-180.309197381
-152.651935682
-181.153964408
-157.184625732
-71.4152780993
-228.136939866
-192.298481379
-226.442859443
-174.962919793
-169.618624222
-174.094921474
-179.574669783
-237.16003063
-169.255182704
-205.36985648
-132.519438342
-145.032250696
-157.817022935
-191.082836519
-224.068594004
-170.490083068
-125.589035017
-160.226106113
-173.602930076
-253.431932522
-210.311435093
-173.843106534
-224.801847728
-199.025817323
-258.97614463
-11.6504573839
-205.626111838
-131.512388538
-172.64940078
-217.041427439
-160.809123785
-143.359920979
-237.824695348
-179.486378656
-24.8737136957
-192.03250953
-210.193368696
-161.293886572
-144.149182743
-190.085552194
-152.386959116
-205.802884679
-195.699507366
-167.710592695
-171.669203729
-168.142852948
-215.551251447
-199.147308859
-152.47251279
-152.205234388
-194.640289614
-133.617566776
-170.858594225
-245.552020809
-208.922351656
-183.971006195
-181.18124975
-175.628634738
-186.061333782
-149.929123771
-153.724962175
-126.20940925
-169.142191599
-174.413819194
-147.12773044
-163.123472031
-223.420045928
-177.964324846
-252.396400199
-180.190687051
-157.403965512
-139.858798076
-155.360031469
-169.304656576
-173.517662978
-193.546365159
-192.353953782
-184.166143685
-170.490480407
-71.6224767527
-176.572168678
-172.154194858
-189.638677474
-163.789704202
-169.929917409
-164.318535551
-173.538737276
-145.85315543
-148.483198443
-203.347303004
-161.72908116
-227.979228278
-185.872893112
-212.292218774
-166.630009808
-204.397108937
-173.170739114
-200.27111133
-164.304489336
-141.352935776
-222.735481337
-222.214963058
-177.005518412
-111.319213814
-160.674700647
-216.753573819
-198.64759483
-229.544431809
-181.060902511
-199.66366213
-208.420787564
-169.909303641
-92.1906777347
-80.2980070941
-216.650106153
-185.452595221
-196.816469884
-239.656092538
-185.993052445
-182.248406753
-191.512435428
-187.515439766
-210.586517411
-209.616984405
-87.2669072299
-165.170872856
-36.0641639403
-187.912013175
-137.145755117
-183.556017528
-225.236780234
-203.207327155
-209.295151089
-185.300694842
-217.394193233
-157.558857934
-176.04761697
-183.456836411
-233.089361003
-164.444442198
-179.772182002
-200.284327498
-176.374298421
-173.834370096
-178.810794625
-170.705396028
-38.3717459551
-148.915680177
-151.551406223
-192.097304109
-215.227422296
-160.722834263
-180.712954125
-179.020411055
-126.712280679
-172.939313043
-195.883668099
-376.329641426
-177.85347528
-203.981119423
-215.330130804
-152.626961656
-194.742333455
-208.755449957
-149.405106411
-126.353344466
-165.585593346
-155.133864931
-177.348071522
-39.3096112411
-211.474506736
-171.833859504
-146.023379494
-160.732542655
-193.95297178
-181.672557548
-205.736456565
-184.445024541
-164.946644893
-167.826631476
-229.072874352
-184.413968271
-182.564837189
-179.320059043
-138.302869701
-220.785512346
-199.288688856
-167.012580031
-194.90488641
-183.178380533
-238.745362514
-163.552946743
-191.815310523
-183.453363969
-192.604131845
-53.6142634569
-183.634411457
-197.357421505