-583.06521879
-65.6200766806
-440.085760656
-379.466067696
-250.363635678
-536.470369617
-369.301769148
-437.350356853
-225.993139868
-361.634107295
-504.151466406
-559.010812346
-463.976341883
-378.998674005
-317.874226414
-511.419749378
-369.888414383
-351.174205379
-332.39756659
-735.09954801
-6960.57169802
-544.424264635
-542.475735967
-574.917526283
-642.840248825
-267.909191396
-607.478660789
-606.627080402
-452.48674704
-616.731860774
-451.593343266
-568.705859145
-624.961269331
-524.967453895
-582.743641371
-606.04798257
-303.634533635
-176.65227868
-356.588102578
-291.119805875
-255.56133439
-152.350515431
-226.614865723
-578.804957284
-589.062949841
-441.659481211
-528.329292472
-423.718754589
-280.22540604
-210.953821048
-215.960687249
-416.030557907
-248.944840194
-721.377513722
-199.879097212
-242.534216117
-178.425897668
-471.289819312
-37.2232123724
-385.685898892
-422.434354588
-451.400852755
-198.275533997
-248.779838338
-201.37723721
-444.159978033
-216.384029019
-200.132119732
-243.630152002
-194.352954507
-664.994911789
-561.953916964
-675.114546906
-544.21444994
-533.095468102
-351.436228
-334.068491367
-275.973227174
-491.400216081
-114.530726556
-810.098631774
-398.453469157
-545.985213014
-1047.64641524
-575.460293016
-223.726575102
-654.942428369
-388.897427481
-206.641827553
-366.599305132
-673.276871676
-261.705260321
-177.812731368
-161.686096318
-177.765298573
-498.629978068
-390.324201518
-162.908706441
-365.542568043
-440.01246458
-576.647451385
-101.704809071
-504.930406097
-182.158645444
-637.759531119
-16.4160018658
-574.079804474
-267.186087648
-216.229322727
-259.753502587
-336.572621138
-411.755408887
-335.505615861
-472.749420651
-231.223909765
-619.263522947
-344.070474503
-318.63105115
-229.173883439
-387.939782887
-185.428474567
-579.689467167
-309.758499207
-837.041777577
-158.178606268
-408.592088179
-234.008252841
-432.371912777
-163.384291236
-227.264657906
-175.093482195
-218.301120384
-416.897779171
-381.610654945
-405.290517445
-595.692019038
-574.730112875
-351.297191047
-424.337571716
-641.901129937
-605.842683212
-377.292351169
-394.472902375
-806.723321215
-452.151648513
-702.667057419
-624.693984638
-729.894192318
-320.777829071
-164.034084822
-523.581653855
-640.164215322
-528.108895627
-210.049520597
-295.67400025
-348.254042935
-171.449736704
-474.541578946
-500.977131395
-178.460055561
-505.647178646
-423.104827782
-133.221916391
-475.434174885
-391.602296954
-486.318387235
-629.234087755
-891.996657592
-431.909853286
-568.625454092
-600.111416484
-212.741263539
-522.859960585
-615.091927716
-452.843425639
-269.03788331
-330.225583224
-236.268888621
-162.599431378
-295.532337359
-367.857265114
-581.391662802
-484.89434875
-186.25513952
-675.038488421
-382.780537883
-630.622957886
-147.470901399
-304.913612619
-419.203134048
-635.571238437
-203.742731669
-402.21980943
-520.172757006
-169.256845078
-641.945490657
-400.292138041
-586.770252652
-446.068404825
-542.248868428
-433.652294985
-637.643452164
-152.772773375
-147.169256137
-280.09661345
-168.560351542
-139.181362218
-166.101071464
-224.578335654
-398.027309808
-434.895613566
-171.848891469
-157.868361885
-172.026125111
-155.093454277
-198.142960447
-180.994075661
-135.153962717
-179.377024113
-191.082983098
-181.925065822
-154.28708324
-170.006020245
-163.370029605
-160.897997152
-128.502997792
-147.015298265
-175.340420755
-163.618464375
-165.150039108
-184.241281582
-191.430404185
-161.222569063
-48.7233968992
-205.709527639
-190.045146157
-103.100035916
-31.1449300106
-204.129746876
-173.380944228
-213.70524402
-169.183152664
-135.067145577
-17.4315633034
-160.604605902
-189.212466264
-184.058438699
-247.915390287
-176.689687348
-170.952754326
-187.828872271
-133.337267733
-191.142567103
-151.924731472
-202.333764159
-220.482900172
-190.659549386
-206.502750865
-159.41452987
-135.986211663
-167.313123089
-232.751691361
-193.613826377
-163.656335151
-240.390109472
-191.540192455
-175.19414226
-162.762798736
-182.705732728
-188.206991155
-179.514270115
-189.962077194
-193.825466337
-182.829839427
-144.795194287
-174.307024475
-199.843231183
-216.616060184
-212.395322079
-173.226388987
-214.028675836
-130.335660064
-171.366371126
-182.710824063
-178.42935295
-172.583500893
-193.77749792
-164.375107107
-195.933230303
-176.545922655
-207.595961042
-132.766411646
-238.58084436
-159.398391245
-192.892087964
-254.685644888
-158.286195555
-163.416180635
-203.591494412
-166.900893927
-124.641049167
-193.942314112
-263.064770311
-193.642103767
-181.301030519
-200.200292051
-188.459751155
-218.566463281
-172.702273051
-153.164965466
-172.070010705
-143.916790523
-156.607622053
-210.562677921
-170.229937502
-163.33037156
-172.014572759
-251.899438775
-169.368071562
-147.473729609
-187.161340576
-215.620720343
-50.1425304049
-210.896326112
-138.173732875
-188.619295561
-170.730672934
-142.283570406
-187.69674165
-152.110213792
-184.842251348
-179.07149058
-217.365326095
-206.256493449
-193.919312217
-226.102701298
-184.024910012
-176.246119645
-202.706575717
-194.260908452
-159.190889141
-181.15765109
-153.359408461
-275.340876251
-196.36432549
-180.543139675
-157.331002537
-166.635949425
-145.091707125
-250.151828774
-158.382319566
-197.051620908
-190.965629034
-203.702989889
-181.245121097
-178.876836516
-189.575971325
-196.335939292
-185.731381846
-178.180352132
-149.839457052
-169.103029759
-173.819675711
-124.477095043
-162.346066697
-258.155371136
-185.72524598
-180.390357118
-60.9262518863
-155.55107045
-167.719732555
-159.400245408
-145.794727088
-185.97364318
-169.864580755
-166.004121251
-199.705872391
-178.391806875
-212.450690624
-187.448456369
-220.811715741
-247.969210144
-234.268315154
-178.846298417
-171.200645821
-172.03705724
-168.306138865
-204.643287334
-179.667229343
-126.227393542
-160.327685721
-150.980383384
-167.924184105
-168.57762456
-199.49379758
-127.544538159
-168.764453258
-194.212393661
-207.910884595
-205.101263259