219.400913431
241.399429755
227.189082642
249.144715368
238.855870577
242.602403241
215.67275475
231.291802797
235.0290166
231.030268368
255.547874958
231.495539255
228.936896956
215.702254488
210.845592754
213.869358962
258.618004525
224.11055407
224.999307608
233.834792632
239.663988745
232.403304197
233.719194842
205.479407264
234.007278162
256.918100201
222.57726773
234.180926346
244.616703897
257.618002256
217.84948455
255.944010867
190.251595819
222.485539651
217.62024866
220.778328196
245.752289394
220.979928594
257.489769402
209.173241682
206.768266379
247.22674351
218.458271647
219.225001014
235.101817243
226.469219708
250.320416874
249.619932462
212.270273796
249.804838889
227.973692168
256.374335546
239.267580383
234.693337732
202.070121598
249.70872176
215.465169018
213.157846543
239.509565433
220.156879044
203.048407689
220.597540788
185.260642597
191.190417824
236.480808331
250.580549132
233.959420495
247.162483172
201.614006894
218.875097392
210.088390224
254.423506042
240.628792542
247.506005559
227.100636305
244.911816807
244.688907739
255.366675492
249.957264729
231.808253611
248.600046684
242.056740339
241.614807122
247.165430761
228.785460107
231.958061286
195.928032782
228.692817045
217.549736445
238.945653524
241.369686519
191.13286474
255.025913341
240.354514748
203.614466451
257.392155809
217.331134746
237.35359381
248.625194652
244.456236402
232.942010239
241.551680783
228.566946005
193.677135885
236.804942028
238.578237332
241.686034385
234.957585257
252.862994047
245.408043662
223.629809207
242.898649532
239.356689086
216.641465036
226.997857861
245.389133075
251.633300906
242.722920782
187.937340392
238.174671058
211.127988397
220.246782648
227.324808629
205.10592256
248.571698138
235.81451564
227.046259144
208.949162229
239.985203007
250.762668219
224.68714542
229.492311621
215.284301417
215.640874128
246.636802249
232.792438245
220.363341171
230.919809602
261.140369903
235.106294594
240.034007488
231.680131342
217.760761018
204.161921015
239.028361418
221.470686025
235.561562181
249.710604837
207.659882041
238.894294592
242.932506265
218.226407501
247.595758598
221.258386265
254.94996741
205.852409204
242.264481993
203.35959844
260.242985042
242.988396407
233.440696205
244.563996803
216.114237601
224.957431675
213.636250747
241.147411995
217.986113156
224.6306894
248.913653235
208.271356046
226.547630145
246.921396255
208.45894354
201.891447204
255.449672435
222.330015011
241.566537161
240.516129254
254.559275519
216.666590509
218.521129552
222.785622902
195.651639261
254.016741448
239.219806421
250.278809746
244.314412249
220.570797284
215.614197964
238.254205677
242.922859221
247.810147049
225.123875341
218.24883593
226.503885756
216.280681121
213.150965464
234.724847328
241.20004211
214.199311171
219.696032964
225.577584317
236.860102428
242.377534009
253.333873435
227.392487323
246.523958501
226.221250381
206.215164337
220.402791856
261.795391767
222.405828058
246.27426811
248.033514001
242.960374149
226.549018865
233.157699772
232.645653245
214.540739956
239.308785232
215.763696785
239.848300476
233.269479874
247.644964533
229.853670024
226.902712707
226.994028811
209.490692712
249.619843863
221.034673279
211.728025661
-264.152246384
221.184722281
238.579728991
240.664230562
234.147276378
238.178808797
233.100751551
225.273600857
187.641526202
253.680715485
224.407895901
211.583182903
238.51600676
217.084172708
249.816016898
220.160616653
218.502794463
239.754273702
216.678256309
234.571346797
249.12132074
243.226997826
248.781577849
244.027801466
230.000501864
245.558520807
236.646685986
223.580263646
250.70429545
244.322616958
204.683516512
264.283878178
246.139330526
200.642911399
233.701013463
243.804934746
224.744922493
236.767658414
197.147606423
206.14856678
236.557455178
250.643624646
244.182270879
224.331463194
234.614996638
244.222669849
207.7712086
210.13436372
223.205912299
250.449756185
220.345384107
243.161701709
221.068155777
235.895223575
210.388427615
237.137708059
224.160305645
251.930219958
216.39019111
-255.135455884
217.413586323
236.466246011
243.633495693
228.935972728
242.236746029
250.333130138
246.319605279
232.310079049
230.757643234
214.199311171
219.696032964
225.577584317
236.860102428
242.377534009
253.333873435
227.392487323
246.523958501
226.221250381
206.215164337
220.402791856
261.795391767
222.405828058
246.27426811
248.033514001
242.960374149
226.549018865
233.157699772
232.645653245
214.540739956
239.308785232
215.763696785
239.848300476
233.269479874
247.644964533
229.853670024
226.902712707
226.994028811
209.490692712
249.619843863
221.034673279
211.728025661
-264.152246384
221.184722281
238.579728991
240.664230562
234.147276378
238.178808797
233.100751551
225.273600857
187.641526202
253.680715485
224.407895901
211.583182903
238.51600676
217.084172708
249.816016898
220.160616653
218.502794463
239.754273702
216.678256309
234.571346797
249.12132074
243.226997826
248.781577849
244.027801466
230.000501864
245.558520807
236.646685986
223.580263646
250.70429545
244.322616958
204.683516512
264.283878178
246.139330526
200.642911399
233.701013463
243.804934746
224.744922493
236.767658414
197.147606423
206.14856678
236.557455178
250.643624646
244.182270879
224.331463194
234.614996638
244.222669849
207.7712086
210.13436372
223.205912299
250.449756185
220.345384107
243.161701709
221.068155777
235.895223575
210.388427615
237.137708059
224.160305645
251.930219958
216.39019111
-255.135455884
217.413586323
236.466246011
243.633495693
228.935972728
242.236746029
250.333130138
246.319605279
232.310079049