-95.7488305813782
-76.5836161185557
-76.9862912801553
-92.0987428282166
-75.8180777317502
-96.6672457380898
-84.5047277532726
-86.2780244299509
-103.042639425187
-75.9088825968160
-92.4413352918206
-83.5820967666027
-97.5087227023823
-88.3556060736031
-89.1616863807290
-82.9988014389833
-75.0287265503189
-70.3245848602210
-88.1003066178103
-74.2479847107956
-89.5932066624450
-78.6969167128770
-92.7164232195249
-85.5793485816543
-73.0839316615200
-83.2445265381437
-87.4036886945535
-89.4441911620776
-82.8423562734149
-66.5422432285490
-94.3927070154070
-69.9629820519721
-86.4952635200750
-85.7793496348686
-85.2321595383662
-86.7841322000506
-87.5733036928941
-77.0664726656088
-100.920936728399
-66.5029177334532
-74.7697948074960
-96.6205154158491
-79.5409160272095
-67.1891862618932
-79.7322667731538
-76.5497426510631
-77.9079875020086
-75.3119595072664
-78.5181296364525
-81.9924175970720
-75.1702297581152
-88.3453099343439
-75.0996480635113
-70.6488936242601
-85.0018973426159
-75.4471942495424
-76.5304724069739
-82.3295030864039
-80.2282157045455
-70.9468532398765
-70.2702802320340
-75.3270475163072
-81.5724136575552
-88.3315591733290
-77.5515420314117
-77.2181609157436
-81.1608614010585
-70.3743973299974
-74.9119110901282
-74.3815028232324
-81.0778855242995
-86.3436152121760
-81.7149938621836
-82.3480175791283
-81.4440661316947
-70.8883065689178
-84.2482261126344
-84.7783262244286
-77.8131283571857
-76.3206937488443
-84.4956743800407
-74.5683272530361
-70.0824022329592
-71.8179295111067
-84.8915866629477
-82.7954345040129
-87.7180023196037
-81.3517482991232
-83.4134414177377
-83.6810879508166
-70.0875355816931
-80.3427654907800
-80.6355506131461
-77.0829847602229
-87.9958800310855
-85.2767605079677
-75.1218481879870
-77.7807614934180
-84.8819636772917
-72.2717068444889
-80.3741137298205
-77.2707944980863
-77.5383660732509
-84.1105573341321
-85.9911194702623
-78.1350412904127
-86.5842182360211
-78.2255305990474
-75.5805145235714
-73.9754711639005
-86.2733654841792
-72.3663048042071
-82.9482347809403
-74.5024642858239
-73.9976153635019
-71.0983220102931
-85.2063414351831
-68.4662108110621
-78.2628272391429
-77.8960345294538
-79.4192640420660
-74.5924115403082
-79.6872116856388
-78.1067137093439
-78.1623471765988
-71.8360326392689
-70.9798721338929
-64.2127870176931
-64.9495885067896
-76.3954565127019
-80.2333548524999
-65.4729909825781
-78.4000727433827
-73.1242251998043
-65.5906306737444
-81.9429433072598
-78.3836877059689
-75.3374545958780
-72.2422479492163
-65.9861858522497
-79.3930014101736
-64.3537760605627
-74.9255861893388
-67.7925652865410
-72.7839368576211
-76.9493766935419
-74.8240408147886
-69.0357817296435
-64.4795721876864
-64.8765540026698
-79.9170925824931
-80.0267586420858
-64.3928653283541
-68.7787029149767
-80.6986522164798
-71.2984944789397
-63.3710444417665
-73.3985444611561
-75.1044761928705
-76.1868823505806
-77.0143466027152
-72.8994924846056
-68.7828109050580
-75.2359942507441
-68.0756609106795
-64.3753675523853
-78.4470885795760
-65.8278076001213
-67.3294084617258
-70.6726212829353
-61.3940715492368
-77.9841401631879
-67.8065753827225
-75.1285195657201
-78.9875469858916
-67.8858284745255
-62.5408507032188
-68.1315739875851
-62.5573539503916
-74.9973682766708
-66.2135160137747
-75.1970960040929
-72.8358173744365
-78.1496550436509
-64.4061859469514
-59.3322863148250
-63.2794270491194
-63.0649659603722
-67.2698322411351
-72.4953562924505
-73.3052168122277
-72.7349493935426
-59.0919255454307
-73.9095068373324
-67.6935854813093
-74.2492487056785
-69.2611878589972
-74.6860743006485
-69.9502382507114
-61.5174012142823
-61.0523007329305
-59.1363956208477
-66.0046990667144
-60.0557475054060
-62.1381808433824
-75.3911367122981
-72.9475941416367
-71.1119004952947
-70.7342921273199
-72.1956588906298
-70.8864770491119
-69.9831922309825
-56.4085812266247
-68.4753940855334
-69.4539749938490
-67.2592895861154
-69.3554652341312
-60.2706920773210
-67.8596358687502
-72.1950223177694
-62.3126625605856
-67.5643246757663
-67.3496500176648
-73.3724480225321
-57.0487763144638
-65.1064897896861
-72.6630060457046
-56.0371898323902
-68.4378961341430
-61.6294568986847
-60.6113549081667
-69.8569218320951
-54.6521891985820
-60.6306940630239
-62.7734169622707
-56.3416363167311
-62.5257644088527
-73.3251514107312
-63.9942027121975
-57.3919021672006
-58.7002264269286
-61.8880258445770
-73.0304166826733
-58.5260044768074
-63.8662819155071
-59.3482783747949
-57.4099468310197
-56.3170334737756
-71.9863021064319
-56.9119684004822
-61.2324037783493
-71.0088812129995
-67.4311772638477
-69.7751231776518
-61.1785353143771
-61.9268880936401
-71.5505847967969
-53.1396964028854
-67.8230049414640
-66.4758539194720
-66.7318747739751
-71.8329329867235
-62.0494877358622
-67.4516670746646
-64.3882139011601
-53.5823608942590
-53.8636943503383
-69.5414402025195
-59.8531170557139
-64.4849702867495
-57.2923751005215
-61.1330919200156
-66.3068467103894
-61.6162276292021
-54.2949957359630
-56.9328880762545
-67.3972077136578
-68.2643962617582
-63.9244033544447
-54.0365736509361
-57.5881611878283
-58.5667561642369
-68.5089479262921
-69.7953688487005
-53.8271067994495
-62.9291397252280
-61.5508416058236
-62.0503038632474
-60.9202687578809
-65.7246259461557
-66.2725169890049
-52.8969322125902
-52.6399672171427
-58.6797567053461
-63.6289840883721
-58.9295037363397
-57.4862708247355
-52.9920319316655
-68.8846032718909
-59.7934067637625
-62.0288150298851
-58.3920438608503
-59.5233962108943
-65.9384999860363
-68.3980231510183
-70.3203606290372
-69.2956476685243
-63.7856663398767
-54.7037836130666
-63.5020420238839
-57.7677414999716
-50.0618994007485
-56.9830998509829
-59.3929973436616
-65.7702186890154
-55.5517692087569
-52.6028668469740
-53.2654612317789
-58.5510979778240
-57.4150708804271
-52.1953338748965
-61.7891521372479
-64.6324986331862
-57.7669677391125
-64.4776769603119
-57.8801379426842
-69.3825298662019
-50.3789158450492
-66.1328307674221
-58.1170346278893
-63.0878072361742
-55.6133723916045
-69.4382478466046
-68.6344785264741
-51.4362309326131
-68.4075785372783
-63.5628425117223
-59.7397958416104
-65.2551712688647
-59.4326246182921
-54.6275567379495
-59.7465661218454
-51.5418150723109
-67.2459741435753
-61.8401997149939
-64.5488564176487
-58.3877074072012
-69.6494166160084
-69.0940836890037
-63.8582636466198
-68.3033431423335
-66.6693212246559
-62.6271377747081
-69.1873812976062
-55.9246946793597
-57.2749865458115
-66.6412965470736
-68.8782748973573
-61.9838253440755
-60.8315552318477
-66.1117277612849
-52.5704159490481
-58.0442063678883
-69.5508430082022
-51.9955850079993
-60.9197914366011
-68.7907902200993
-67.7415262169406
-49.8676079199031
-52.4821656766876
-57.6425978181655
-69.3760240603537
-63.5158610376218
-60.6908890711655
-68.0025690916048
-58.6070508646319
-63.4026118661657
-60.7197670170843
-58.1495378476818
-68.2186275980343
-68.5370603625214
-63.6121850499179
-59.1726887743855
-58.3632090487821
-64.9684183483124
-51.6083104969754
-53.3309283560491
-60.9215960716529
-50.1650624857395
-58.2548625207876
-65.1350438221524
-53.6322049007796
-60.8089304598124
-64.8743303618255
-50.7391631141572
-66.9648068103151
-59.5582460544230
-50.3582109982922
-56.8103013247178
-57.4726936817008