-595.153431114
211.965325042
-185.814460277
210.042579388
186.408551124
-250.660280766
193.307438018
207.381297882
202.489377781
211.754023605
200.058871487
193.798566663
216.457672342
201.45048019
198.592635415
-172.378439413
204.656884427
218.576350175
198.816629456
193.774578481
-112.809327229
-132.919124319
236.077822437
206.147908447
227.423308822
175.420355447
-88.1064356416
216.052653088
178.02063095
166.641654775
161.715907599
191.097807418
180.156894395
198.012718097
170.289075682
213.463368136
191.815878559
-192.272840487
218.859572833
175.2324099
-554.600312426
225.538231089
211.71040461
185.289213308
148.488409815
167.989229263
164.972775937
214.360327256
216.417887274
-151.643688358
203.92492806
207.411255851
199.902126909
193.215069372
220.668256407
-163.722783314
206.505830231
-199.97393884
-70.5093915748
-163.326610787
-100.789668912
200.638776541
209.113589852
159.933546329
-163.721489143
184.989415592
156.493966561
174.583193718
186.521965939
200.657881612
187.945127189
220.910247828
197.865516337
177.208035547
208.213410724
-29.2871146319
191.51473128
219.660840199
203.008931185
-151.805569253
-52.2377416215
89.25439147
195.816863517
-86.3428275907
211.471509089
93.5841503388
220.49801732
205.7357019
188.590890271
202.537581554
234.881487552
202.999900323
-67.7727550549
213.729740044
213.830047251
-234.720960314
189.010368916
222.733360287
216.943062075
164.989069182
3.08766261841
-102.619263917
-160.924514616
-19.207946172
208.142902435
-139.529248449
164.268658848
199.975273948
-30.0793739867
188.332282934
229.66978958
236.142634578
189.872617685
180.083869523
161.674560208
236.993095184
-62.2119121111
202.419098935
210.045146853
188.071618335
179.341861471
31.8681716371
188.240955644
239.107985621
196.937759768
223.080723858
200.760392909
164.769262063
220.70839022
-15.0242869454
186.615592294
218.456773186
196.533213554
214.244428086
213.084970073
-35.5223289252
183.668606181
164.532949857
-27.0631362183
205.194604355
213.639519149
218.022045118
181.187047626
233.60768032
233.595697846
219.77257015
190.641608244
195.112855564
207.151082853
192.96857879
165.22263944
228.965825048
-14.0916227328
200.127199923
-116.446700539
191.040766778
200.683688008
198.025786973
185.782939033
192.32974081
191.273133775
200.751019625
199.308372711
228.946086092
-42.6361414159
203.270430153
-123.544866836
215.865125067
179.441691661
205.84291809
226.502996971
199.285639396
221.325538569
209.777275095
205.371547914
204.02131632
208.933500438
163.270880138
221.301370929
211.269352859
227.883028164
220.971079051
200.989918055
231.768894509
195.502653037
233.162383805
-109.268291673
200.647668253
216.816428383
102.603468579
225.501598805
229.836471787
220.730011086
203.503226396
224.621247632
218.742666985
212.89153433
189.909109132
209.046523444
201.472801026
217.070851289
-84.7962774774
182.231281323
210.76848762
242.920366061
234.877681856
-52.9266826844
212.436611522
174.350349246
-261.477152586
200.424461887
227.698898838
204.192151763
211.814109532
226.109494895
212.436866194
187.382376036
234.839924541
204.785403808
198.742640626
222.537828236
202.88653187
220.260379527
217.100151054
211.199645586
202.722915455
202.530249095
232.18450549
228.728925452
206.848559302
204.602373765
244.008197986
223.557260836
203.986162257
199.260866954
245.799121112
224.918746178
220.958373866
232.85253994
199.752520245
200.357372907
208.859313531
203.00269294
237.922001005
127.359492219
224.108936963
192.285715198
187.121355583
222.825421861
219.509360988
233.74277141
194.244435966
152.328792515
219.362909683
-14.2091694512
194.875173657
221.74117426
196.844364017
207.674776874
202.796377003
221.001616489
208.907430554
209.338544279
241.021615523
-37.4709261417
187.009440136
130.524079329
216.180644899
217.642359277
228.763004823
189.783656936
203.750782473
231.086615287
235.377184176
188.119819588
197.157113143
225.512601628
228.053991608
208.222930439
223.178631464
241.898471753
209.471679775
207.852616043
210.134520219
203.751695288
227.982376642
234.988028528
225.184295345
209.480132314
218.252585719
204.054654108
206.487326613
217.348068442
231.625685498
219.852381119
224.638962864
199.063734293
218.498773547
215.153394215
248.802748065
218.860292499
234.595750675
232.46505103
234.670603282
218.109552237
217.077398908
221.603251871
221.281489925
226.820037822
-49.1756846498
-45.9606168165
206.206051341
230.411022009
186.962616562
206.518227415
222.819157646
217.274773917
228.501710303
209.830092143
222.33336883
254.730864262
198.023635347
191.360521791
215.373426301
207.081575913
202.215967922
220.620260795
199.680996324
6.42241629561
218.314142478
205.596527734
203.533048252
218.533248557
234.586930184
192.154850393
244.12324271
211.375634713
231.74147641
203.816102315
205.006514852
206.634536423
223.803470019
235.24177526
218.900172157
222.581553149
-153.392171364
233.203169003
187.009657124
-243.677935035
197.582421756
-207.254010558
210.545451141
227.669175684
215.776186643
227.577335865
183.303474209
208.079181047
231.468473983
185.813106904
251.234340727
216.38970383
247.075888842
219.294866687
201.985582729
222.41293012
230.853635736
208.02517706
232.933865264
201.85082357
215.133444587
234.683988085
224.618198978
211.070270891
205.144467972
189.370769472
249.611204072
0.222146125581
219.673154702
245.053170478
217.389351849
220.052022566
198.382676691
228.058083067
226.232355635
211.497667739
214.7784665
250.651954884
226.774956436
202.712957086
209.575963746
264.268005694
238.35201142
221.535130782
212.766508287
226.321626231
222.209000893
239.97559838
192.390352449
218.632515443
230.91172432
