-151.070212701 
-370.679868104 
-75.7091061405 
-203.627917147 
-513.857460046 
-445.465483003 
-429.738592266 
-153.74844107 
-207.537861254 
-91.2368866404 
-435.326188167 
-307.277409566 
-248.883769309 
-390.3680193 
-150.973685399 
-207.345513247 
-242.619675062 
-430.937079736 
-338.487133242 
-296.534572417 
-180.567763313 
-339.336664795 
-281.79778063 
-116.70730821 
-295.393845173 
-199.687706543 
-109.599818985 
-333.763072726 
-159.052113921 
-223.537674386 
-32.5923974437 
0.921953156341 
-131.788689937 
-232.955228529 
-169.901038399 
-113.517120601 
-92.2935156333 
-180.007302704 
-97.2319770142 
-86.0561105088 
-176.273036452 
-158.628135573 
-42.1516911575 
-123.446102784 
-35.2888940759 
-263.508419668 
-204.009973836 
-71.4697636733 
-134.147377399 
-206.246746376 
-120.013842688 
-89.2561905652 
-16.4796899904 
-116.617997839 
-148.914271717 
-155.867021946 
-83.508089694 
-160.120017036 
99.5980188483 
-86.9030262452 
-322.53765506 
-137.412145572 
-220.20122245 
-66.3243502066 
-0.996055536365 
-70.6213172806 
-101.70089603 
13.4799185434 
-88.5597228277 
-63.5625319016 
-72.883185728 
-119.7545331 
31.0017421552 
-91.5251215601 
-155.355134822 
-89.2585670501 
-34.7301144662 
-58.2849378432 
-76.0642826705 
-48.2685798898 
-418.952465925 
-77.0052974746 
-54.812897823 
63.5336894399 
-79.0706535178 
28.4617279481 
-54.1624863905 
-68.5827837593 
-121.858901524 
-107.6022937 
-84.907097848 
-26.7273218771 
86.3726939779 
61.3551551158 
-41.4102326465 
-23.2624258855 
51.9898330624 
-109.360824498 
27.9092334753 
65.3999816461 
-83.8157828174 
39.9520334852 
-285.100510144 
-92.9470598243 
12.4024587291 
26.0760247629 
-156.284086946 
40.0058996063 
-168.319205402 
-27.860159454 
-30.4846350389 
-38.6310312607 
170.593775207 
-51.0812274312 
-104.659540296 
-69.4174905553 
58.3069113741 
66.8214318721 
4.15217783746 
-46.6619190452 
178.460728166 
-16.8476955196 
84.898432147 
65.7479115278 
155.627209812 
51.7882728181 
-29.1672066898 
70.533433171 
46.3602515103 
-61.8845805691 
65.1234809511 
-46.4141253061 
192.043850935 
-77.9135765901 
47.2077919587 
6.81352494113 
-34.167131302 
-117.976602908 
53.9636585784 
-111.005478743 
179.104826531 
-12.6901707087 
-395.980533913 
161.434373383 
36.9646325924 
54.9628572505 
-98.6278610159 
172.344130872 
50.6778646021 
72.8301759676 
69.8870950418 
7.13944311501 
124.586064656 
77.2020947191 
183.243144198 
19.91395101 
111.334133503 
145.120071773 
23.4026177492 
-136.01563128 
145.934738362 
-78.4218145446 
-28.4944578978 
79.356180196 
120.280100751 
162.719957681 
-92.0825941938 
158.851023205 
35.5042456612 
206.952122384 
-262.16612194 
-75.6951650288 
41.40074159 
-195.731469926 
-106.708103265 
124.291489512 
174.783976758 
-64.7208792035 
88.2026596016 
-63.1046687883 
9.11681691364 
-44.7988501186 
215.496322463 
166.903238806 
60.3505120918 
63.7567882706 
-65.9174521383 
176.956837694 
-15.684041939 
165.807471018 
-44.390236071 
108.923137704 
158.127219577 
118.35509718 
21.5499479519 
234.824379677 
198.243712758 
-24.2586382927 
193.935067 
152.920418821 
96.3352908077 
21.7134674553 
106.273124409 
87.5295087822 
125.211961054 
142.081429844 
226.712507024 
51.7339407075 
156.387161296 
200.059233101 
122.371084043 
-214.677817729 
43.31966595 
103.520910003 
159.213645249 
165.543736731 
164.532037729 
23.4807679458 
202.740601933 
93.9091909185 
167.611001141 
-40.8477546351 
159.949498281 
121.244803182 
206.482329191 
105.431611725 
101.928126582 
189.903629784 
162.57478937 
202.0681539 
215.341872124 
133.676173768 
170.1233677 
186.27009837 
-196.080889813 
156.533904523 
114.900224498 
159.544929441 
120.28986566 
104.484047808 
203.40281174 
222.804652381 
219.222648944 
-36.6143593496 
194.639691863 
160.498570158 
109.767039889 
149.159527119 
185.301050667 
98.5447182587 
-101.075543988 
203.783469609 
-41.1691507851 
187.001657729 
170.737313024 
-42.2006964621 
116.275034448 
191.984552142 
60.153230104 
199.340132348 
202.809597464 
162.88661983 
181.089219883 
197.896191798 
146.740579337 
204.18729675 
-38.4137046996 
223.796437271 
152.763190827 
152.050560524 
122.69106804 
188.998821752 
134.890033283 
149.752055053 
169.36745617 
203.49873276 
78.3014378717 
191.88129822 
162.438568594 
209.929456778 
126.751271977 
179.316265995 
163.537575269 
139.311749732 
147.690667672 
143.873122781 
215.304055971 
183.900711432 
179.858103373 
216.989823057 
136.079748623 
172.890203451 
201.112235134 
181.005900455 
153.598899601 
132.282555559 
205.014341845 
195.079143039 
115.594164542 
163.183340958 
152.920418821 
96.3352908077 
21.7134674553 
106.273124409 
87.5295087822 
125.211961054 
142.081429844 
226.712507024 
51.7339407075 
156.387161296 
200.059233101 
122.371084043 
-214.677817729 
43.31966595 
103.520910003 
159.213645249 
165.543736731 
164.532037729 
23.4807679458 
202.740601933 
93.9091909185 
167.611001141 
-40.8477546351 
159.949498281 
121.244803182 
206.482329191 
105.431611725 
101.928126582 
189.903629784 
162.57478937 
202.0681539 
215.341872124 
133.676173768 
170.1233677 
186.27009837 
-196.080889813 
156.533904523 
114.900224498 
159.544929441 
120.28986566 
104.484047808 
203.40281174 
222.804652381 
219.222648944 
-36.6143593496 
194.639691863 
160.498570158 
109.767039889 
149.159527119 
185.301050667 
98.5447182587 
-101.075543988 
203.783469609 
-41.1691507851 
187.001657729 
170.737313024 
-42.2006964621 
116.275034448 
191.984552142 
60.153230104 
199.340132348 
202.809597464 
162.88661983 
181.089219883 
197.896191798 
146.740579337 
204.18729675 
-38.4137046996 
223.796437271 
152.763190827 
152.050560524 
122.69106804 
188.998821752 
134.890033283 
149.752055053 
169.36745617 
203.49873276 
78.3014378717 
191.88129822 
162.438568594 
209.929456778 
126.751271977 
179.316265995 
163.537575269 
139.311749732 
147.690667672 
143.873122781 
215.304055971 
183.900711432 
179.858103373 
216.989823057 
136.079748623 
172.890203451 
201.112235134 
181.005900455 
153.598899601 
132.282555559 
205.014341845 
195.079143039 
115.594164542 