-588.543038443
199.359355785
212.793432665
209.933629875
202.81890995
179.475414863
213.061635883
207.886198015
216.841941492
237.014088057
-110.051079919
-178.939656125
-188.174251119
-114.45324667
-73.1110451541
-49.8646242301
-144.883749362
-94.4897862381
-165.47180366
-136.898193738
-190.961189602
-248.394565012
-59.4418487989
-144.942538769
-79.1846072503
-288.973011677
-126.376278751
-43.7012113217
-120.757463333
-160.634493237
-114.840698128
-100.401906833
-71.92163177
-99.1047048589
-32.8240720399
-115.400084457
-101.210344106
-149.816104069
-341.44669384
-233.824847399
144.578183459
-153.540545344
83.209745818
147.462772452
90.8278888526
26.1643980319
43.1434018846
60.4915679982
-83.5991468778
51.3864577761
176.279884428
-1.65419019083
-15.0624378779
-58.4584462919
34.5243268768
-45.6201327762
103.862978
-29.0090648135
154.592845704
-62.5051330167
215.086583728
-42.9535559299
-0.881495220343
194.793178714
236.650191309
-75.0255727442
57.3746923517
74.6727248099
240.553301761
-44.4546933807
-148.503713765
193.079483369
200.186419541
-60.6414636552
222.791508126
-23.1091330609
224.92646368
100.686346409
180.556664181
-78.1230242868
175.413712392
29.5067252542
43.2991231849
170.840100021
-71.8529141161
-58.869342558
72.5193113547
221.005557824
59.2585217082
-168.36603835
173.575940712
-74.8932727664
217.150920697
209.266039328
-21.4634389859
-249.754205229
204.697409336
206.098488268
223.577560944
166.208315968
227.9320361
190.2732639
169.979361891
213.39033452
197.567375142
179.812211971
-90.6530854431
224.009054767
218.296701357
213.154730214
198.418568002
191.83715747
-246.516192464
221.12614536
225.575734699
-63.9241275332
222.101956521
77.7855775141
239.70757862
164.553645489
228.855046344
9.84053160431
177.484227413
218.628728492
76.7714276084
177.901855122
212.222997923
115.946714649
197.697948138
181.70972043
209.937177928
226.034879802
223.383871393
198.543560271
187.579522417
-35.0533107597
224.30436223
208.215542995
238.317640688
203.851007284
214.547127239
-114.431370359
251.344427929
-91.3464093173
201.384056478
-34.9304616814
220.288508378
208.195145671
172.280874501
226.251118238
211.319154184
233.916324968
202.579986522
249.958055308
209.83629846
203.045645751
-104.22747735
239.1110923
213.036868185
199.415339612
231.967809744
241.49192497
245.2278759
191.552505119
197.803800915
199.879471136
222.586468977
231.974604539
221.819928667
209.475069116
234.500847497
207.443183919
-21.6462548256
10.8737718462
175.508684523
244.686866135
192.827403409
203.732520971
221.826890049
211.465470526
6.81250588961
210.60283969
216.008927958
205.876400947
-88.2187439773
-79.9819903607
197.602486456
200.379752446
213.489435814
222.910916631
213.968889977
213.782551302
202.325383096
216.201217446
231.53751375
205.261720403
217.419223919
-2.91484087496
210.976796061
207.539908154
-21.2746441122
214.441851382
216.859500259
232.58438627
241.175898247
184.359323791
213.346979315
247.867215417
235.548631025
251.968684084
203.493829705
200.189861183
236.862402865
201.248438916
223.893899905
208.861669744
192.069954896
222.994006977
200.546502573
224.358806048
206.024244216
209.0557368
254.029641775
228.411112367
241.157177569
216.275893186
229.763194049
186.096121397
218.960901149
211.541670086
205.683110318
229.575465812
227.194204738
199.110263698
-28.9755502146
192.803463455
226.198358549
242.738865276
221.282188715
219.671524401
242.184837693
242.130057611
207.037879261
210.332111426
209.302451215
209.192450654
197.442857901
209.431151141
213.59055815
209.757043521
-72.9191991802
46.6325309824
230.662606228
196.282125309
245.035053262
185.807434807
231.81097144
202.296076043
218.791616627
211.795716585
217.980309942
229.554156368
190.85631034
207.714454799
199.364004394
219.986646994
193.553538272
214.525228401
219.957944948
-37.1027929622
219.369246112
203.297046167
232.50019138
219.388474191
237.996973613
224.400051568
216.719816135
227.061427599
253.646353387
223.574934937
195.123715501
202.357994902
241.628706793
225.931051804
223.104164509
234.550374096
208.289863518
227.88735292
216.101489134
212.993717004
239.219299972
212.001858805
253.820284127
223.971243031
195.831123433
200.119806436
230.535614274
241.832061031
234.214824271
204.772791737
182.322412921
212.361046662
241.977268143
212.514451251
215.471070147
207.641764129
239.152830909
199.457467481
206.823030651
198.100986068
234.299227834
251.738548716
229.902354469
224.707230617
236.806627604
112.9030091
208.962393626
244.787040025
220.252948788
219.179477069
221.693430761
215.439608748
214.733722742
218.38480642
205.322486654
215.349827875
223.735045126
224.673810061
208.591244691
196.475531956
252.086182896
209.059956525
223.44346145
202.443957553
210.656374352
243.86232961
208.530985871
217.457459316
211.245735805
226.793790922
222.071483632
196.214783061
226.826019046
184.099859723
230.94972855
229.122661159
197.680263113
200.363204328
197.854012095
240.38624506
218.992067978
210.365387812
263.070541535
242.960969551
224.784930107
226.910285641
224.557089156
203.924230339
229.247001228
193.611235609
250.359506141
233.491446672
199.149167508
249.791297506
211.963197112
204.390069406
197.222201374
224.342341723
204.487820934
256.50728908
227.519465015
232.998020968
186.351159332
218.827321203
225.690066409
208.646218253
208.987413383
199.360867364
229.461523461
207.453888064
232.817493192
241.183083905
192.801577437
224.73506138
219.760060355
235.100300514
209.470445219
246.45579433
255.993880667
195.273055582
221.379144965
209.617433341
207.782059465
205.991247468
239.883015405
236.318269252
207.027143615
206.486670378
212.629970102
229.098523883